s#N SDSS-u SDSS-g SDSS-r SDSS-i SDSS-z DES-u DES-g DES-r DES-i DES-z SNLS-g SNLS-r SNLS-i SNLS-z SNLS-u PS1-g PS1-r PS1-i PS1-z PS1-y CSP-B CSP-V CSP-g CSP-r CSP-i
0 10.4965 9.65260 9.36040 9.26660 9.25230 10.2322 9.61980 9.33770 9.25950 9.25240 9.60030 9.35230 9.26280 9.25240 10.2190 9.60710 9.35910 9.26510 9.25070 9.25570    9.88820 9.48060 9.64638 9.35130 9.24950 
1 10.6057 9.37360 8.88790 8.70040 8.60590 10.2609 9.31990 8.84570 8.67410 8.59150 9.28920 8.87380 8.68820 8.60900 10.2216 9.29930 8.88460 8.69640 8.61440 8.57420    9.68190 9.09240 9.35528 8.87460 8.67550 
2 12.3504 10.8024 6.53550 5.13410 4.27010 17.0389 10.1465 6.15390 4.93600 4.20520 9.83030 6.36350 5.05630 4.30320 17.1620 10.0504 6.41820 5.11530 4.32970 4.21540    12.9073 8.24010 10.2495 6.38030 5.05730 
3 10.8362 9.70100 9.24480 9.09370 9.01830 10.6430 9.64680 9.21280 9.07110 9.00720 9.61650 9.23400 9.08280 9.02120 10.5487 9.62560 9.24370 9.09000 9.02540 8.98940    10.0154 9.42860 9.68338 9.23450 9.06990 
4 10.8062 9.25670 8.62280 8.41580 8.31960 10.6209 9.18460 8.57470 8.38790 8.30700 9.14080 8.60600 8.40260 8.32420 10.4345 9.15610 8.62010 8.41130 8.33120 8.27900    9.62680 8.89950 9.22758 8.60870 8.39000 
5 8.74580 9.22350 9.76030 10.1574 10.5061 8.86020 9.26540 9.83350 10.2412 10.5664 9.29060 9.78510 10.1934 10.4906 8.84750 9.28220 9.76330 10.1673 10.4588 10.6844    9.21310 9.49430 9.25648 9.76860 10.1771 
6 0.00000 0.00000 0.00000 0.00000 0.00000 0.00000 0.00000 0.00000 0.00000 0.00000 0.00000 0.00000 0.00000 0.00000 0.00000 0.00000 0.00000 0.00000 0.00000 0.00000    0.00000 0.00000 0.00000 0.00000 0.00000 
7 0.00000 0.00000 0.00000 0.00000 0.00000 0.00000 0.00000 0.00000 0.00000 0.00000 0.00000 0.00000 0.00000 0.00000 0.00000 0.00000 0.00000 0.00000 0.00000 0.00000    0.00000 0.00000 0.00000 0.00000 0.00000 
8 0.00000 0.00000 0.00000 0.00000 0.00000 0.00000 0.00000 0.00000 0.00000 0.00000 0.00000 0.00000 0.00000 0.00000 0.00000 0.00000 0.00000 0.00000 0.00000 0.00000    0.00000 0.00000 0.00000 0.00000 0.00000 
9 0.00000 0.00000 0.00000 0.00000 0.00000 0.00000 0.00000 0.00000 0.00000 0.00000 0.00000 0.00000 0.00000 0.00000 0.00000 0.00000 0.00000 0.00000 0.00000 0.00000    0.00000 0.00000 0.00000 0.00000 0.00000 
10 0.00000 0.00000 0.00000 0.00000 0.00000 0.00000 0.00000 0.00000 0.00000 0.00000 0.00000 0.00000 0.00000 0.00000 0.00000 0.00000 0.00000 0.00000 0.00000 0.00000   0.00000 0.00000 0.00000 0.00000 0.00000 
11 0.00000 0.00000 0.00000 0.00000 0.00000 0.00000 0.00000 0.00000 0.00000 0.00000 0.00000 0.00000 0.00000 0.00000 0.00000 0.00000 0.00000 0.00000 0.00000 0.00000   0.00000 0.00000 0.00000 0.00000 0.00000 
12 0.00000 0.00000 0.00000 0.00000 0.00000 0.00000 0.00000 0.00000 0.00000 0.00000 0.00000 0.00000 0.00000 0.00000 0.00000 0.00000 0.00000 0.00000 0.00000 0.00000   0.00000 0.00000 0.00000 0.00000 0.00000 
13 12.1880 9.62490 8.13980 7.31870 6.85770 11.8616 9.44750 8.01080 7.16720 6.80440 9.35630 8.11310 7.24630 6.87230 11.6467 9.39420 8.14480 7.29510 6.90100 6.71820   10.2050 8.81740 9.51098 8.12370 7.23700 
14 0.00000 0.00000 0.00000 0.00000 0.00000 0.00000 0.00000 0.00000 0.00000 0.00000 0.00000 0.00000 0.00000 0.00000 0.00000 0.00000 0.00000 0.00000 0.00000 0.00000   0.00000 0.00000 0.00000 0.00000 0.00000 
15 0.00000 0.00000 0.00000 0.00000 0.00000 0.00000 0.00000 0.00000 0.00000 0.00000 0.00000 0.00000 0.00000 0.00000 0.00000 0.00000 0.00000 0.00000 0.00000 0.00000   0.00000 0.00000 0.00000 0.00000 0.00000 
16 0.00000 0.00000 0.00000 0.00000 0.00000 0.00000 0.00000 0.00000 0.00000 0.00000 0.00000 0.00000 0.00000 0.00000 0.00000 0.00000 0.00000 0.00000 0.00000 0.00000   0.00000 0.00000 0.00000 0.00000 0.00000 
17 0.00000 0.00000 0.00000 0.00000 0.00000 0.00000 0.00000 0.00000 0.00000 0.00000 0.00000 0.00000 0.00000 0.00000 0.00000 0.00000 0.00000 0.00000 0.00000 0.00000   0.00000 0.00000 0.00000 0.00000 0.00000 
18 0.00000 0.00000 0.00000 0.00000 0.00000 0.00000 0.00000 0.00000 0.00000 0.00000 0.00000 0.00000 0.00000 0.00000 0.00000 0.00000 0.00000 0.00000 0.00000 0.00000   0.00000 0.00000 0.00000 0.00000 0.00000 
19 0.00000 0.00000 0.00000 0.00000 0.00000 0.00000 0.00000 0.00000 0.00000 0.00000 0.00000 0.00000 0.00000 0.00000 0.00000 0.00000 0.00000 0.00000 0.00000 0.00000   0.00000 0.00000 0.00000 0.00000 0.00000 
20 11.4280 10.1457 9.62560 9.46550 9.38610 11.1153 10.0846 9.58870 9.44390 9.37410 10.0521 9.61280 9.45560 9.38870 11.0660 10.0613 9.62380 9.46240 9.39320 9.36160   10.4868 9.82990 10.1241 9.61390 9.44290 
21 0.00000 0.00000 0.00000 0.00000 0.00000 0.00000 0.00000 0.00000 0.00000 0.00000 0.00000 0.00000 0.00000 0.00000 0.00000 0.00000 0.00000 0.00000 0.00000 0.00000   0.00000 0.00000 0.00000 0.00000 0.00000 
22 0.00000 0.00000 0.00000 0.00000 0.00000 0.00000 0.00000 0.00000 0.00000 0.00000 0.00000 0.00000 0.00000 0.00000 0.00000 0.00000 0.00000 0.00000 0.00000 0.00000   0.00000 0.00000 0.00000 0.00000 0.00000 
23 0.00000 0.00000 0.00000 0.00000 0.00000 0.00000 0.00000 0.00000 0.00000 0.00000 0.00000 0.00000 0.00000 0.00000 0.00000 0.00000 0.00000 0.00000 0.00000 0.00000   0.00000 0.00000 0.00000 0.00000 0.00000 
24 0.00000 0.00000 0.00000 0.00000 0.00000 0.00000 0.00000 0.00000 0.00000 0.00000 0.00000 0.00000 0.00000 0.00000 0.00000 0.00000 0.00000 0.00000 0.00000 0.00000   0.00000 0.00000 0.00000 0.00000 0.00000 
25 0.00000 0.00000 0.00000 0.00000 0.00000 0.00000 0.00000 0.00000 0.00000 0.00000 0.00000 0.00000 0.00000 0.00000 0.00000 0.00000 0.00000 0.00000 0.00000 0.00000   0.00000 0.00000 0.00000 0.00000 0.00000 
26 13.2385 12.3479 12.0373 11.9791 12.0204 12.9643 12.3128 12.0219 11.9806 12.0340 12.2912 12.0331 11.9781 12.0144 12.9478 12.2991 12.0395 11.9787 12.0035 12.0697   12.5926 12.1620 12.3403 12.0322 11.9644 
27 0.00000 0.00000 0.00000 0.00000 0.00000 0.00000 0.00000 0.00000 0.00000 0.00000 0.00000 0.00000 0.00000 0.00000 0.00000 0.00000 0.00000 0.00000 0.00000 0.00000   0.00000 0.00000 0.00000 0.00000 0.00000 
28 10.6535 9.82840 9.54470 9.46890 9.46710 10.4028 9.79550 9.52520 9.46360 9.47140 9.77590 9.53800 9.46610 9.46560 10.3872 9.78270 9.54370 9.46800 9.46220 9.48160   10.0650 9.65670 9.82208 9.53620 9.45270 
29 0.00000 0.00000 0.00000 0.00000 0.00000 0.00000 0.00000 0.00000 0.00000 0.00000 0.00000 0.00000 0.00000 0.00000 0.00000 0.00000 0.00000 0.00000 0.00000 0.00000   0.00000 0.00000 0.00000 0.00000 0.00000 
30 0.00000 0.00000 0.00000 0.00000 0.00000 0.00000 0.00000 0.00000 0.00000 0.00000 0.00000 0.00000 0.00000 0.00000 0.00000 0.00000 0.00000 0.00000 0.00000 0.00000   0.00000 0.00000 0.00000 0.00000 0.00000 
31 11.4668 10.5764 10.2580 10.1545 10.1454 11.2157 10.5394 10.2336 10.1469 10.1467 10.5182 10.2496 10.1503 10.1450 11.1891 10.5252 10.2563 10.1531 10.1428 10.1515   10.8272 10.3863 10.5681 10.2483 10.1369 
32 0.00000 0.00000 0.00000 0.00000 0.00000 0.00000 0.00000 0.00000 0.00000 0.00000 0.00000 0.00000 0.00000 0.00000 0.00000 0.00000 0.00000 0.00000 0.00000 0.00000   0.00000 0.00000 0.00000 0.00000 0.00000 
33 10.9268 10.0569 9.75200 9.64850 9.64460 10.6824 10.0212 9.72690 9.64180 9.64850 10.0009 9.74350 9.64460 9.64440 10.6553 10.0074 9.75020 9.64700 9.64150 9.65210   10.3044 9.87430 10.0494 9.74220 9.63100 
34 0.00000 0.00000 0.00000 0.00000 0.00000 0.00000 0.00000 0.00000 0.00000 0.00000 0.00000 0.00000 0.00000 0.00000 0.00000 0.00000 0.00000 0.00000 0.00000 0.00000   0.00000 0.00000 0.00000 0.00000 0.00000 
35 0.00000 0.00000 0.00000 0.00000 0.00000 0.00000 0.00000 0.00000 0.00000 0.00000 0.00000 0.00000 0.00000 0.00000 0.00000 0.00000 0.00000 0.00000 0.00000 0.00000   0.00000 0.00000 0.00000 0.00000 0.00000 
36 0.00000 0.00000 0.00000 0.00000 0.00000 0.00000 0.00000 0.00000 0.00000 0.00000 0.00000 0.00000 0.00000 0.00000 0.00000 0.00000 0.00000 0.00000 0.00000 0.00000   0.00000 0.00000 0.00000 0.00000 0.00000 
37 0.00000 0.00000 0.00000 0.00000 0.00000 0.00000 0.00000 0.00000 0.00000 0.00000 0.00000 0.00000 0.00000 0.00000 0.00000 0.00000 0.00000 0.00000 0.00000 0.00000   0.00000 0.00000 0.00000 0.00000 0.00000 
38 0.00000 0.00000 0.00000 0.00000 0.00000 0.00000 0.00000 0.00000 0.00000 0.00000 0.00000 0.00000 0.00000 0.00000 0.00000 0.00000 0.00000 0.00000 0.00000 0.00000   0.00000 0.00000 0.00000 0.00000 0.00000 
39 0.00000 0.00000 0.00000 0.00000 0.00000 0.00000 0.00000 0.00000 0.00000 0.00000 0.00000 0.00000 0.00000 0.00000 0.00000 0.00000 0.00000 0.00000 0.00000 0.00000   0.00000 0.00000 0.00000 0.00000 0.00000 
40 0.00000 0.00000 0.00000 0.00000 0.00000 0.00000 0.00000 0.00000 0.00000 0.00000 0.00000 0.00000 0.00000 0.00000 0.00000 0.00000 0.00000 0.00000 0.00000 0.00000   0.00000 0.00000 0.00000 0.00000 0.00000 
41 0.00000 0.00000 0.00000 0.00000 0.00000 0.00000 0.00000 0.00000 0.00000 0.00000 0.00000 0.00000 0.00000 0.00000 0.00000 0.00000 0.00000 0.00000 0.00000 0.00000   0.00000 0.00000 0.00000 0.00000 0.00000 
42 0.00000 0.00000 0.00000 0.00000 0.00000 0.00000 0.00000 0.00000 0.00000 0.00000 0.00000 0.00000 0.00000 0.00000 0.00000 0.00000 0.00000 0.00000 0.00000 0.00000   0.00000 0.00000 0.00000 0.00000 0.00000 
43 0.00000 0.00000 0.00000 0.00000 0.00000 0.00000 0.00000 0.00000 0.00000 0.00000 0.00000 0.00000 0.00000 0.00000 0.00000 0.00000 0.00000 0.00000 0.00000 0.00000   0.00000 0.00000 0.00000 0.00000 0.00000 
44 11.5516 10.6665 10.3241 10.2118 10.1927 11.3000 10.6280 10.2975 10.2014 10.1943 10.6055 10.3149 10.2062 10.1927 11.2777 10.6131 10.3225 10.2100 10.1915 10.1945   10.9208 10.4637 10.6567 10.3141 10.1929 
45 13.5867 11.9779 11.2489 10.9848 10.8413 13.4180 11.8967 11.1898 10.9460 10.8180 11.8464 11.2288 10.9668 10.8474 13.2233 11.8651 11.2450 10.9790 10.8584 10.7811   12.3686 11.5733 11.9420 11.2324 10.9545 
46 13.6428 11.6924 10.9525 10.7365 10.6380 13.4130 11.6077 10.9006 10.7081 10.6268 11.5546 10.9337 10.7233 10.6422 13.1696 11.5736 10.9500 10.7320 10.6473 10.6094   12.1106 11.2731 11.6558 10.9376 10.7108 
47 0.00000 0.00000 0.00000 0.00000 0.00000 0.00000 0.00000 0.00000 0.00000 0.00000 0.00000 0.00000 0.00000 0.00000 0.00000 0.00000 0.00000 0.00000 0.00000 0.00000   0.00000 0.00000 0.00000 0.00000 0.00000 
48 0.00000 0.00000 0.00000 0.00000 0.00000 0.00000 0.00000 0.00000 0.00000 0.00000 0.00000 0.00000 0.00000 0.00000 0.00000 0.00000 0.00000 0.00000 0.00000 0.00000   0.00000 0.00000 0.00000 0.00000 0.00000 
49 11.7506 10.8748 10.5719 10.4950 10.4982 11.4930 10.8398 10.5521 10.4922 10.4989 10.8190 10.5648 10.4929 10.4973 11.4722 10.8260 10.5715 10.4943 10.4942 10.5099   11.1199 10.6930 10.8676 10.5638 10.4794 
50 0.00000 0.00000 0.00000 0.00000 0.00000 0.00000 0.00000 0.00000 0.00000 0.00000 0.00000 0.00000 0.00000 0.00000 0.00000 0.00000 0.00000 0.00000 0.00000 0.00000   0.00000 0.00000 0.00000 0.00000 0.00000 
51 0.00000 0.00000 0.00000 0.00000 0.00000 0.00000 0.00000 0.00000 0.00000 0.00000 0.00000 0.00000 0.00000 0.00000 0.00000 0.00000 0.00000 0.00000 0.00000 0.00000   0.00000 0.00000 0.00000 0.00000 0.00000 
52 0.00000 0.00000 0.00000 0.00000 0.00000 0.00000 0.00000 0.00000 0.00000 0.00000 0.00000 0.00000 0.00000 0.00000 0.00000 0.00000 0.00000 0.00000 0.00000 0.00000   0.00000 0.00000 0.00000 0.00000 0.00000 
53 7.00410 5.87470 5.98270 6.12200 6.23680 6.46670 5.87150 6.00820 6.15760 6.23850 5.86610 5.99110 6.13700 6.23490 6.45180 5.86940 5.98230 6.12610 6.22810 6.26070   6.03750 5.89240 5.88648 5.98150 6.12210 
54 2.32030 1.87970 2.20510 2.47200 2.68890 2.03750 1.90010 2.25440 2.53140 2.71220 1.90900 2.22160 2.49730 2.68170 2.05300 1.90730 2.20680 2.47930 2.66280 2.77670   1.95850 2.03220 1.90308 2.20880 2.48160 
55 2.51990 2.56840 3.01630 3.35200 3.63880 2.44840 2.59940 3.07890 3.42300 3.68170 2.61680 3.03730 3.38230 3.62780 2.45910 2.61170 3.01880 3.36070 3.60120 3.76990   2.60000 2.78760 2.59618 3.02270 3.36620 
56 8.14010 6.75090 6.27660 6.16950 6.13830 7.92510 6.69250 6.24850 6.15980 6.13530 6.65840 6.26590 6.16440 6.14020 7.78440 6.66910 6.27590 6.16740 6.14070 6.12840   7.08950 6.46240 6.73168 6.26670 6.15120 
57 0.00000 0.00000 0.00000 0.00000 0.00000 0.00000 0.00000 0.00000 0.00000 0.00000 0.00000 0.00000 0.00000 0.00000 0.00000 0.00000 0.00000 0.00000 0.00000 0.00000   0.00000 0.00000 0.00000 0.00000 0.00000 
58 0.00000 0.00000 0.00000 0.00000 0.00000 0.00000 0.00000 0.00000 0.00000 0.00000 0.00000 0.00000 0.00000 0.00000 0.00000 0.00000 0.00000 0.00000 0.00000 0.00000   0.00000 0.00000 0.00000 0.00000 0.00000 
59 3.40880 3.41030 3.84500 4.16410 4.43590 3.32050 3.44040 3.90430 4.23220 4.47720 3.45640 3.86500 4.19330 4.42550 3.33250 3.45200 3.84700 4.17260 4.40060 4.56080   3.44710 3.62430 3.43788 3.85060 4.17730 
60 0.00000 0.00000 0.00000 0.00000 0.00000 0.00000 0.00000 0.00000 0.00000 0.00000 0.00000 0.00000 0.00000 0.00000 0.00000 0.00000 0.00000 0.00000 0.00000 0.00000   0.00000 0.00000 0.00000 0.00000 0.00000 
61 0.00000 0.00000 0.00000 0.00000 0.00000 0.00000 0.00000 0.00000 0.00000 0.00000 0.00000 0.00000 0.00000 0.00000 0.00000 0.00000 0.00000 0.00000 0.00000 0.00000   0.00000 0.00000 0.00000 0.00000 0.00000 
62 0.00000 0.00000 0.00000 0.00000 0.00000 0.00000 0.00000 0.00000 0.00000 0.00000 0.00000 0.00000 0.00000 0.00000 0.00000 0.00000 0.00000 0.00000 0.00000 0.00000   0.00000 0.00000 0.00000 0.00000 0.00000 
63 0.00000 0.00000 0.00000 0.00000 0.00000 0.00000 0.00000 0.00000 0.00000 0.00000 0.00000 0.00000 0.00000 0.00000 0.00000 0.00000 0.00000 0.00000 0.00000 0.00000   0.00000 0.00000 0.00000 0.00000 0.00000 
64 10.4992 9.09020 8.52010 8.35610 8.27870 10.2870 9.02270 8.48100 8.33510 8.26550 8.98490 8.50600 8.34620 8.28210 10.1544 8.99660 8.51860 8.35270 8.28740 8.24670   9.45370 8.75090 9.06478 8.50810 8.33330 
65 6.98940 5.07180 4.32870 4.08780 3.95490 6.72580 4.98330 4.27300 4.05320 3.93650 4.93520 4.30900 4.07200 3.96100 6.51790 4.95010 4.32540 4.08260 3.96900 3.91040   5.51490 4.63030 5.03358 4.31290 4.05960 
66 10.5936 8.19260 7.28210 6.98640 6.80950 10.2851 8.08460 7.21360 6.94280 6.78390 8.02390 7.25740 6.96680 6.81810 10.0053 8.04500 7.27700 6.98000 6.82930 6.75090   8.69730 7.65830 8.14078 7.26270 6.95490 
67 8.97100 7.29120 6.59510 6.36330 6.24230 8.71410 7.20980 6.54160 6.33020 6.22730 7.16620 6.57640 6.34810 6.24750 8.55300 7.17940 6.59190 6.35840 6.25500 6.20210   7.70490 6.87950 7.25698 6.57980 6.33570 
68 10.3223 8.93960 8.37320 8.16720 8.05890 10.0194 8.87470 8.32690 8.13770 8.04310 8.83930 8.35740 8.15350 8.06310 9.93760 8.85010 8.36990 8.16290 8.07070 8.01790   9.29200 8.60540 8.91518 8.35910 8.14100 
69 0.00000 0.00000 0.00000 0.00000 0.00000 0.00000 0.00000 0.00000 0.00000 0.00000 0.00000 0.00000 0.00000 0.00000 0.00000 0.00000 0.00000 0.00000 0.00000 0.00000   0.00000 0.00000 0.00000 0.00000 0.00000 
70 0.00000 0.00000 0.00000 0.00000 0.00000 0.00000 0.00000 0.00000 0.00000 0.00000 0.00000 0.00000 0.00000 0.00000 0.00000 0.00000 0.00000 0.00000 0.00000 0.00000   0.00000 0.00000 0.00000 0.00000 0.00000 
71 0.00000 0.00000 0.00000 0.00000 0.00000 0.00000 0.00000 0.00000 0.00000 0.00000 0.00000 0.00000 0.00000 0.00000 0.00000 0.00000 0.00000 0.00000 0.00000 0.00000   0.00000 0.00000 0.00000 0.00000 0.00000 
72 0.00000 0.00000 0.00000 0.00000 0.00000 0.00000 0.00000 0.00000 0.00000 0.00000 0.00000 0.00000 0.00000 0.00000 0.00000 0.00000 0.00000 0.00000 0.00000 0.00000   0.00000 0.00000 0.00000 0.00000 0.00000 
73 0.00000 0.00000 0.00000 0.00000 0.00000 0.00000 0.00000 0.00000 0.00000 0.00000 0.00000 0.00000 0.00000 0.00000 0.00000 0.00000 0.00000 0.00000 0.00000 0.00000   0.00000 0.00000 0.00000 0.00000 0.00000 
74 0.00000 0.00000 0.00000 0.00000 0.00000 0.00000 0.00000 0.00000 0.00000 0.00000 0.00000 0.00000 0.00000 0.00000 0.00000 0.00000 0.00000 0.00000 0.00000 0.00000   0.00000 0.00000 0.00000 0.00000 0.00000 
75 0.00000 0.00000 0.00000 0.00000 0.00000 0.00000 0.00000 0.00000 0.00000 0.00000 0.00000 0.00000 0.00000 0.00000 0.00000 0.00000 0.00000 0.00000 0.00000 0.00000   0.00000 0.00000 0.00000 0.00000 0.00000 
76 7.58700 5.98940 5.38260 5.21650 5.15020 7.38600 5.91960 5.34160 5.19650 5.14350 5.87700 5.36760 5.20700 5.15340 7.19950 5.89140 5.38130 5.21310 5.15660 5.12780   6.36470 5.63860 5.96278 5.37030 5.19410 
77 0.00000 0.00000 0.00000 0.00000 0.00000 0.00000 0.00000 0.00000 0.00000 0.00000 0.00000 0.00000 0.00000 0.00000 0.00000 0.00000 0.00000 0.00000 0.00000 0.00000   0.00000 0.00000 0.00000 0.00000 0.00000 
78 0.00000 0.00000 0.00000 0.00000 0.00000 0.00000 0.00000 0.00000 0.00000 0.00000 0.00000 0.00000 0.00000 0.00000 0.00000 0.00000 0.00000 0.00000 0.00000 0.00000   0.00000 0.00000 0.00000 0.00000 0.00000 
79 0.00000 0.00000 0.00000 0.00000 0.00000 0.00000 0.00000 0.00000 0.00000 0.00000 0.00000 0.00000 0.00000 0.00000 0.00000 0.00000 0.00000 0.00000 0.00000 0.00000   0.00000 0.00000 0.00000 0.00000 0.00000 
80 10.7693 9.93420 9.65910 9.57290 9.56870 10.5040 9.90270 9.63710 9.56750 9.57470 9.88380 9.65160 9.57000 9.56720 10.4918 9.89030 9.65750 9.57200 9.56320 9.58670   10.1673 9.77040 9.92888 9.64990 9.55670 
81 8.12790 6.88240 6.38590 6.21060 6.13790 7.81450 6.82760 6.34520 6.18770 6.13030 6.79610 6.37190 6.19990 6.14020 7.75760 6.80640 6.38340 6.20710 6.14320 6.11810   7.19780 6.59570 6.86388 6.37320 6.18710 
82 4.46760 4.02630 4.37780 4.65200 4.85970 4.15360 4.04850 4.42860 4.71200 4.87860 4.05940 4.39480 4.67770 4.85330 4.18330 4.05680 4.37950 4.65940 4.83550 4.94240   4.09740 4.19180 4.05018 4.38190 4.66210 
83 7.44950 5.06230 4.16510 3.89700 3.74960 7.12670 4.95600 4.10140 3.85990 3.73060 4.89570 4.14160 3.88030 3.75760 6.85220 4.91690 4.16110 3.89130 3.76590 3.70360   5.55770 4.53670 5.01148 4.14710 3.86820 
84 0.00000 0.00000 0.00000 0.00000 0.00000 0.00000 0.00000 0.00000 0.00000 0.00000 0.00000 0.00000 0.00000 0.00000 0.00000 0.00000 0.00000 0.00000 0.00000 0.00000   0.00000 0.00000 0.00000 0.00000 0.00000 
85 9.51840 8.26870 8.21970 8.31770 8.37960 8.89500 8.26090 8.23370 8.34640 8.36900 8.24670 8.22410 8.33000 8.38070 8.90530 8.25490 8.22110 8.32080 8.37810 8.38380   8.44500 8.23070 8.27748 8.21750 8.31550 
86 7.01960 5.86650 5.95150 6.10200 6.24460 6.50550 5.86230 5.97710 6.14320 6.25250 5.85370 5.95980 6.11940 6.24140 6.47910 5.85890 5.95180 6.10670 6.23190 6.28510   6.03550 5.87640 5.87838 5.95070 6.10440 
87 0.00000 0.00000 0.00000 0.00000 0.00000 0.00000 0.00000 0.00000 0.00000 0.00000 0.00000 0.00000 0.00000 0.00000 0.00000 0.00000 0.00000 0.00000 0.00000 0.00000   0.00000 0.00000 0.00000 0.00000 0.00000 
88 0.00000 0.00000 0.00000 0.00000 0.00000 0.00000 0.00000 0.00000 0.00000 0.00000 0.00000 0.00000 0.00000 0.00000 0.00000 0.00000 0.00000 0.00000 0.00000 0.00000   0.00000 0.00000 0.00000 0.00000 0.00000 
89 0.00000 0.00000 0.00000 0.00000 0.00000 0.00000 0.00000 0.00000 0.00000 0.00000 0.00000 0.00000 0.00000 0.00000 0.00000 0.00000 0.00000 0.00000 0.00000 0.00000   0.00000 0.00000 0.00000 0.00000 0.00000 
90 9.02610 8.21480 7.89980 7.80450 7.79850 8.79560 8.17840 7.87700 7.79780 7.80190 8.15760 7.89190 7.80090 7.79800 8.77990 8.16440 7.89870 7.80300 7.79560 7.80700   8.46160 8.02470 8.20638 7.89090 7.78760 
91 0.00000 0.00000 0.00000 0.00000 0.00000 0.00000 0.00000 0.00000 0.00000 0.00000 0.00000 0.00000 0.00000 0.00000 0.00000 0.00000 0.00000 0.00000 0.00000 0.00000   0.00000 0.00000 0.00000 0.00000 0.00000 
92 7.03350 4.83520 4.02260 3.79250 3.67740 6.73340 4.73830 3.96670 3.76240 3.66450 4.68360 4.00160 3.77870 3.68300 6.48590 4.70210 4.01960 3.78780 3.68680 3.65210   5.30600 4.35380 4.79148 4.00640 3.76630 
93 10.5865 9.23050 8.65960 8.46680 8.37940 10.3771 9.16440 8.61530 8.44140 8.36820 9.12700 8.64440 8.45480 8.38260 10.2581 9.13870 8.65710 8.46280 8.38710 8.35220   9.58880 8.89500 9.20588 8.64630 8.44220 
94 6.47070 5.14690 4.66220 4.53430 4.49970 6.26740 5.09040 4.62990 4.52130 4.49830 5.05620 4.65030 4.52780 4.50140 6.13910 5.06730 4.66120 4.53180 4.50180 4.49010   5.47870 4.86160 5.12878 4.65160 4.51460 
95 0.00000 0.00000 0.00000 0.00000 0.00000 0.00000 0.00000 0.00000 0.00000 0.00000 0.00000 0.00000 0.00000 0.00000 0.00000 0.00000 0.00000 0.00000 0.00000 0.00000   0.00000 0.00000 0.00000 0.00000 0.00000 
96 0.00000 0.00000 0.00000 0.00000 0.00000 0.00000 0.00000 0.00000 0.00000 0.00000 0.00000 0.00000 0.00000 0.00000 0.00000 0.00000 0.00000 0.00000 0.00000 0.00000   0.00000 0.00000 0.00000 0.00000 0.00000 
97 5.66830 4.50380 4.14620 4.06090 4.04960 5.43060 4.45790 4.12440 4.05490 4.04960 4.43100 4.13830 4.05730 4.04990 5.34280 4.43920 4.14510 4.05940 4.04820 4.05010   4.79790 4.27930 4.49208 4.13720 4.04390 
98 9.82070 8.49500 7.89340 7.69880 7.61250 9.66130 8.42800 7.84830 7.67290 7.60210 8.38770 7.87770 7.68660 7.61580 9.51680 8.40160 7.89130 7.69480 7.62100 7.58190   8.84800 8.15430 8.46908 7.88020 7.67400 
99 0.00000 0.00000 0.00000 0.00000 0.00000 0.00000 0.00000 0.00000 0.00000 0.00000 0.00000 0.00000 0.00000 0.00000 0.00000 0.00000 0.00000 0.00000 0.00000 0.00000   0.00000 0.00000 0.00000 0.00000 0.00000 
100 9.23730 7.60300 6.95790 6.79270 6.74200 9.01910 7.52970 6.91570 6.77500 6.73920 7.48460 6.94220 6.78400 6.74370 8.84350 7.50030 6.95690 6.78960 6.74370 6.73450  7.98700 7.23220 7.57378 6.94550 6.77110 
101 0.00000 0.00000 0.00000 0.00000 0.00000 0.00000 0.00000 0.00000 0.00000 0.00000 0.00000 0.00000 0.00000 0.00000 0.00000 0.00000 0.00000 0.00000 0.00000 0.00000  0.00000 0.00000 0.00000 0.00000 0.00000 
102 0.00000 0.00000 0.00000 0.00000 0.00000 0.00000 0.00000 0.00000 0.00000 0.00000 0.00000 0.00000 0.00000 0.00000 0.00000 0.00000 0.00000 0.00000 0.00000 0.00000  0.00000 0.00000 0.00000 0.00000 0.00000 
103 0.00000 0.00000 0.00000 0.00000 0.00000 0.00000 0.00000 0.00000 0.00000 0.00000 0.00000 0.00000 0.00000 0.00000 0.00000 0.00000 0.00000 0.00000 0.00000 0.00000  0.00000 0.00000 0.00000 0.00000 0.00000 
104 5.94040 5.30630 5.62940 5.88980 6.08090 5.55570 5.32450 5.67840 5.94650 6.09410 5.33260 5.64600 5.91400 6.07600 5.57060 5.33110 5.63070 5.89680 6.06170 6.14350  5.39620 5.44890 5.32848 5.63290 5.89840 
105 9.80630 8.27480 7.68150 7.51780 7.46320 9.61500 8.20540 7.64090 7.49980 7.45830 8.16420 7.66690 7.50890 7.46530 9.44320 8.17770 7.68010 7.51460 7.46650 7.44840  8.64790 7.92830 8.24858 7.66930 7.49580 
106 0.00000 0.00000 0.00000 0.00000 0.00000 0.00000 0.00000 0.00000 0.00000 0.00000 0.00000 0.00000 0.00000 0.00000 0.00000 0.00000 0.00000 0.00000 0.00000 0.00000  0.00000 0.00000 0.00000 0.00000 0.00000 
107 0.00000 0.00000 0.00000 0.00000 0.00000 0.00000 0.00000 0.00000 0.00000 0.00000 0.00000 0.00000 0.00000 0.00000 0.00000 0.00000 0.00000 0.00000 0.00000 0.00000  0.00000 0.00000 0.00000 0.00000 0.00000 
108 11.6014 9.09060 7.85390 7.32990 7.01190 11.1254 8.95430 7.73650 7.24440 6.96510 8.87980 7.81540 7.29180 7.02490 10.9633 8.90870 7.84300 7.31830 7.05170 6.88730  9.66060 8.39710 9.01378 7.82400 7.28100 
109 4.15820 4.17920 4.31940 4.49910 4.66780 4.14060 4.18690 4.35230 4.53850 4.69670 4.19050 4.33040 4.51570 4.66040 4.14490 4.18990 4.32210 4.50390 4.64190 4.75530  4.26980 4.23840 4.19418 4.32130 4.50060 
110 0.00000 0.00000 0.00000 0.00000 0.00000 0.00000 0.00000 0.00000 0.00000 0.00000 0.00000 0.00000 0.00000 0.00000 0.00000 0.00000 0.00000 0.00000 0.00000 0.00000  0.00000 0.00000 0.00000 0.00000 0.00000 
111 0.00000 0.00000 0.00000 0.00000 0.00000 0.00000 0.00000 0.00000 0.00000 0.00000 0.00000 0.00000 0.00000 0.00000 0.00000 0.00000 0.00000 0.00000 0.00000 0.00000  0.00000 0.00000 0.00000 0.00000 0.00000 
112 7.13510 4.66650 3.73450 3.41360 3.23130 6.83170 4.55510 3.66110 3.36570 3.20740 4.49270 3.70870 3.39210 3.23970 6.53580 4.51430 3.72850 3.40660 3.25080 3.17340  5.17910 4.12100 4.61208 3.71390 3.38020 
113 12.2953 9.74810 8.22660 7.48630 7.04820 11.9884 9.57190 8.11480 7.34230 6.99760 9.47520 8.20440 7.41700 7.06120 11.7725 9.51750 8.23760 7.46450 7.08720 6.92250  10.3259 8.92220 9.63508 8.21600 7.40830 
114 6.30030 6.05170 5.92070 5.92830 5.98230 6.21580 6.03490 5.92010 5.93760 5.99450 6.02590 5.92070 5.93210 5.97870 6.22060 6.02940 5.92000 5.92920 5.96940 6.02680  6.21210 5.95920 6.05168 5.91540 5.91820 
115 6.80500 6.34830 6.66770 6.92770 7.13600 6.51770 6.36770 6.71600 6.98570 7.15660 6.37600 6.68400 6.95240 7.12950 6.53070 6.37470 6.66940 6.93490 7.11260 7.21450  6.42750 6.49850 6.37068 6.67140 6.93690 
116 3.79070 4.01490 4.50510 4.86560 5.17690 3.81290 4.04790 4.57280 4.94140 5.22620 4.06700 4.52820 4.89790 5.16460 3.80910 4.06080 4.50690 4.87490 5.13600 5.32090  4.03650 4.24760 4.04378 4.51190 4.88170 
117 0.00000 0.00000 0.00000 0.00000 0.00000 0.00000 0.00000 0.00000 0.00000 0.00000 0.00000 0.00000 0.00000 0.00000 0.00000 0.00000 0.00000 0.00000 0.00000 0.00000  0.00000 0.00000 0.00000 0.00000 0.00000 
118 4.25860 4.47560 4.95280 5.30440 5.60940 4.27810 4.50780 5.01870 5.37830 5.65840 4.52650 4.97510 5.33600 5.59740 4.27560 4.52050 4.95470 5.31350 5.56910 5.75140  4.49950 4.70280 4.50418 4.95940 5.31980 
119 2.71190 2.66240 3.04120 3.33950 3.53010 2.56590 2.68980 3.09800 3.38830 3.56220 2.70580 3.06000 3.36150 3.51990 2.60270 2.70070 3.04640 3.34620 3.49900 3.63620  2.70450 2.85720 2.68838 3.04870 3.34650 
120 0.00000 0.00000 0.00000 0.00000 0.00000 0.00000 0.00000 0.00000 0.00000 0.00000 0.00000 0.00000 0.00000 0.00000 0.00000 0.00000 0.00000 0.00000 0.00000 0.00000  0.00000 0.00000 0.00000 0.00000 0.00000 
121 8.24830 5.74570 4.81100 4.53630 4.37660 7.89860 5.63560 4.74590 4.49650 4.35590 5.57050 4.78680 4.51860 4.38470 7.61190 5.59480 4.80710 4.53040 4.39330 4.33040  6.23860 5.20810 5.69138 4.79270 4.50650 
122 9.61310 7.45460 6.51860 6.13900 5.91590 9.27880 7.34840 6.43340 6.07860 5.88440 7.29050 6.49010 6.11180 5.92370 9.08120 7.31020 6.51110 6.13080 5.93920 5.84000  7.95180 6.91560 7.40318 6.49580 6.10040 
123 8.27900 7.13240 7.20340 7.34010 7.45370 7.78030 7.12490 7.22750 7.37640 7.45450 7.11690 7.21130 7.35520 7.45210 7.74950 7.12080 7.20330 7.34420 7.44610 7.47420  7.30960 7.12750 7.14238 7.20220 7.34040 
124 9.40200 8.40330 8.04580 7.95070 7.93150 9.16540 8.35990 8.02230 7.94210 7.93110 8.33530 8.03750 7.94620 7.93100 9.11390 8.34290 8.04440 7.94900 7.92860 7.93730  8.68020 8.18350 8.39198 8.03640 7.93300 
125 0.00000 0.00000 0.00000 0.00000 0.00000 0.00000 0.00000 0.00000 0.00000 0.00000 0.00000 0.00000 0.00000 0.00000 0.00000 0.00000 0.00000 0.00000 0.00000 0.00000  0.00000 0.00000 0.00000 0.00000 0.00000 
126 0.00000 0.00000 0.00000 0.00000 0.00000 0.00000 0.00000 0.00000 0.00000 0.00000 0.00000 0.00000 0.00000 0.00000 0.00000 0.00000 0.00000 0.00000 0.00000 0.00000  0.00000 0.00000 0.00000 0.00000 0.00000 
127 8.20020 7.33580 7.58970 7.80790 7.97830 7.72450 7.34770 7.62990 7.85930 7.98620 7.35130 7.60330 7.82980 7.97470 7.72610 7.35190 7.59020 7.81430 7.96370 8.02420  7.44770 7.44110 7.35468 7.59140 7.81440 
128 0.00000 0.00000 0.00000 0.00000 0.00000 0.00000 0.00000 0.00000 0.00000 0.00000 0.00000 0.00000 0.00000 0.00000 0.00000 0.00000 0.00000 0.00000 0.00000 0.00000  0.00000 0.00000 0.00000 0.00000 0.00000 
129 8.76970 7.62250 7.34280 7.31940 7.35750 8.42090 7.58740 7.33190 7.32740 7.36370 7.56400 7.33810 7.32200 7.35640 8.37550 7.57270 7.34290 7.31970 7.35110 7.37510  7.87840 7.44620 7.61648 7.33610 7.30800 
130 0.00000 0.00000 0.00000 0.00000 0.00000 0.00000 0.00000 0.00000 0.00000 0.00000 0.00000 0.00000 0.00000 0.00000 0.00000 0.00000 0.00000 0.00000 0.00000 0.00000  0.00000 0.00000 0.00000 0.00000 0.00000 
131 0.00000 0.00000 0.00000 0.00000 0.00000 0.00000 0.00000 0.00000 0.00000 0.00000 0.00000 0.00000 0.00000 0.00000 0.00000 0.00000 0.00000 0.00000 0.00000 0.00000  0.00000 0.00000 0.00000 0.00000 0.00000 
132 0.00000 0.00000 0.00000 0.00000 0.00000 0.00000 0.00000 0.00000 0.00000 0.00000 0.00000 0.00000 0.00000 0.00000 0.00000 0.00000 0.00000 0.00000 0.00000 0.00000  0.00000 0.00000 0.00000 0.00000 0.00000 
133 0.00000 0.00000 0.00000 0.00000 0.00000 0.00000 0.00000 0.00000 0.00000 0.00000 0.00000 0.00000 0.00000 0.00000 0.00000 0.00000 0.00000 0.00000 0.00000 0.00000  0.00000 0.00000 0.00000 0.00000 0.00000 
134 10.6969 9.28450 8.89990 8.77310 8.69970 10.0720 9.24270 8.87010 8.75700 8.68830 9.21900 8.88960 8.76620 8.70250 10.0946 9.22690 8.89810 8.77080 8.70600 8.68540  9.55230 9.06210 9.27228 8.88920 8.75330 
135 0.00000 0.00000 0.00000 0.00000 0.00000 0.00000 0.00000 0.00000 0.00000 0.00000 0.00000 0.00000 0.00000 0.00000 0.00000 0.00000 0.00000 0.00000 0.00000 0.00000  0.00000 0.00000 0.00000 0.00000 0.00000 
136 8.00010 7.91210 7.95430 8.06970 8.19360 7.95520 7.90960 7.97590 8.09750 8.21590 7.90820 7.96170 8.08150 8.18740 7.96060 7.90900 7.95490 8.07280 8.17220 8.26780  8.03400 7.90620 7.92118 7.95320 8.06690 
137 7.51280 6.23290 6.10400 6.11610 6.14600 6.96020 6.21280 6.10190 6.12930 6.14110 6.19700 6.10310 6.12140 6.14660 6.94320 6.20370 6.10310 6.11730 6.14490 6.14880  6.44400 6.14170 6.23508 6.09820 6.10740 
138 1.14910 1.27900 1.71370 2.00640 2.28110 1.11920 1.30940 1.76880 2.07060 2.33020 1.32690 1.73240 2.03380 2.26920 1.12870 1.32140 1.71500 2.01430 2.24050 2.42740  1.30990 1.49480 1.30668 1.71830 2.01790 
139 6.09540 4.24570 3.60750 3.44280 3.38460 5.78900 4.16960 3.56550 3.42830 3.37530 4.12320 3.59230 3.43470 3.38910 5.61570 4.13950 3.60540 3.43960 3.39250 3.35510  4.65100 3.85990 4.21618 3.59440 3.42160 
140 6.65620 5.47700 5.38660 5.43910 5.50400 6.19090 5.45800 5.39290 5.45930 5.50520 5.44330 5.38800 5.44720 5.50320 6.16000 5.44920 5.38660 5.44100 5.49890 5.51650  5.68640 5.39850 5.48038 5.38260 5.43290 
141 0.00000 0.00000 0.00000 0.00000 0.00000 0.00000 0.00000 0.00000 0.00000 0.00000 0.00000 0.00000 0.00000 0.00000 0.00000 0.00000 0.00000 0.00000 0.00000 0.00000  0.00000 0.00000 0.00000 0.00000 0.00000 
142 4.87190 5.06590 5.40450 5.67820 5.90180 4.90240 5.09030 5.45510 5.73360 5.93930 5.10360 5.42150 5.70180 5.89320 4.90070 5.09950 5.40790 5.68510 5.87180 6.00470  5.11000 5.23800 5.09048 5.40960 5.68610 
143 0.00000 0.00000 0.00000 0.00000 0.00000 0.00000 0.00000 0.00000 0.00000 0.00000 0.00000 0.00000 0.00000 0.00000 0.00000 0.00000 0.00000 0.00000 0.00000 0.00000  0.00000 0.00000 0.00000 0.00000 0.00000 
144 0.00000 0.00000 0.00000 0.00000 0.00000 0.00000 0.00000 0.00000 0.00000 0.00000 0.00000 0.00000 0.00000 0.00000 0.00000 0.00000 0.00000 0.00000 0.00000 0.00000  0.00000 0.00000 0.00000 0.00000 0.00000 
145 0.00000 0.00000 0.00000 0.00000 0.00000 0.00000 0.00000 0.00000 0.00000 0.00000 0.00000 0.00000 0.00000 0.00000 0.00000 0.00000 0.00000 0.00000 0.00000 0.00000  0.00000 0.00000 0.00000 0.00000 0.00000 
146 7.67980 6.70260 6.41300 6.35260 6.36050 7.42860 6.66620 6.39620 6.35140 6.36480 6.64400 6.40680 6.35140 6.35950 7.38030 6.65140 6.41210 6.35210 6.35550 6.37530  6.95880 6.52100 6.69558 6.40490 6.33790 
147 6.17840 4.89100 4.86290 4.92310 4.85590 5.42250 4.88010 4.87150 4.93300 4.82600 4.87310 4.86610 4.92980 4.85790 5.48880 4.87550 4.86180 4.92530 4.86190 4.85360  5.06710 4.84910 4.89738 4.85870 4.91660 
148 10.1058 9.12080 8.77180 8.68340 8.66830 9.87010 9.07820 8.74950 8.67730 8.66600 9.05430 8.76370 8.68000 8.66900 9.81960 9.06140 8.77070 8.68190 8.66840 8.66400  9.39480 8.90510 9.10978 8.76280 8.66660 
149 0.00000 0.00000 0.00000 0.00000 0.00000 0.00000 0.00000 0.00000 0.00000 0.00000 0.00000 0.00000 0.00000 0.00000 0.00000 0.00000 0.00000 0.00000 0.00000 0.00000  0.00000 0.00000 0.00000 0.00000 0.00000 
150 10.1205 6.74760 5.40540 4.84770 4.51870 9.79250 6.58210 5.28750 4.76170 4.47390 6.49400 5.36590 4.80910 4.53430 9.40500 6.52840 5.39240 4.83380 4.55440 4.41370  7.38870 5.97680 6.64978 5.37420 4.79750 
151 8.13570 6.09570 5.33430 5.10820 4.98960 7.85700 6.00470 5.28010 5.07770 4.97470 5.95350 5.31450 5.09430 4.99590 7.63200 5.97030 5.33110 5.10350 5.00280 4.95130  6.54690 5.64340 6.05588 5.31850 5.08190 
152 6.61250 5.59910 5.23910 5.13790 5.11690 6.39650 5.55430 5.21460 5.12860 5.11480 5.52940 5.23000 5.13310 5.11690 6.33240 5.53650 5.23720 5.13600 5.11540 5.11680  5.88330 5.37470 5.58728 5.22920 5.11990 
153 6.42560 3.92750 2.96820 2.69120 2.54850 6.13280 3.81140 2.90000 2.65830 2.52860 3.74650 2.94360 2.67540 2.55700 5.86750 3.76930 2.96260 2.68570 2.56370 2.50520  4.46780 3.35020 3.87028 2.94830 2.66310 
154 0.00000 0.00000 0.00000 0.00000 0.00000 0.00000 0.00000 0.00000 0.00000 0.00000 0.00000 0.00000 0.00000 0.00000 0.00000 0.00000 0.00000 0.00000 0.00000 0.00000  0.00000 0.00000 0.00000 0.00000 0.00000 
155 10.0566 8.99420 8.59020 8.47810 8.45140 9.84870 8.94610 8.56300 8.46730 8.44840 8.91850 8.58050 8.47250 8.45190 9.77360 8.92700 8.58890 8.47590 8.45150 8.44750  9.28940 8.75010 8.98038 8.58030 8.45930 
156 0.00000 0.00000 0.00000 0.00000 0.00000 0.00000 0.00000 0.00000 0.00000 0.00000 0.00000 0.00000 0.00000 0.00000 0.00000 0.00000 0.00000 0.00000 0.00000 0.00000  0.00000 0.00000 0.00000 0.00000 0.00000 
157 10.9658 7.68640 6.30270 5.79340 5.46060 10.6586 7.52020 6.18810 5.71250 5.41160 7.42910 6.26290 5.75750 5.47720 10.2875 7.46560 6.29020 5.78180 5.50140 5.34350  8.34290 6.89020 7.58758 6.27120 5.74670 
158 8.53700 6.35330 5.57340 5.35190 5.24050 8.22650 6.26030 5.51900 5.32460 5.22900 6.20670 5.55300 5.33940 5.24660 7.98430 6.22510 5.56980 5.34750 5.24940 5.22130  6.81590 5.88890 6.31258 5.55710 5.32710 
159 10.8043 9.62830 9.48290 9.50250 9.54790 10.3633 9.60380 9.48270 9.51630 9.54780 9.58650 9.48240 9.50790 9.54690 10.3328 9.59320 9.48230 9.50360 9.54300 9.56040  9.85230 9.51780 9.62828 9.47760 9.49380 
160 0.00000 0.00000 0.00000 0.00000 0.00000 0.00000 0.00000 0.00000 0.00000 0.00000 0.00000 0.00000 0.00000 0.00000 0.00000 0.00000 0.00000 0.00000 0.00000 0.00000  0.00000 0.00000 0.00000 0.00000 0.00000 
161 11.9757 8.75470 7.47510 7.00120 6.70410 11.6447 8.60250 7.37070 6.92590 6.66200 8.51650 7.43910 6.96770 6.71790 11.2483 8.55060 7.46520 6.99000 6.73800 6.60480  9.36300 8.02520 8.66738 7.44720 6.95640 
162 8.88410 6.43130 5.53360 5.27250 5.12050 8.54020 6.32420 5.47140 5.23600 5.09890 6.26230 5.51030 5.25610 5.12830 8.26370 6.28440 5.52960 5.26700 5.13600 5.07700  6.92570 5.90620 6.37978 5.51570 5.24400 
163 9.01100 6.83740 6.04510 5.80540 5.67730 8.72200 6.74270 5.98810 5.77310 5.66170 6.68920 6.02410 5.79070 5.68310 8.47030 6.70710 6.04120 5.80050 5.68750 5.65050  7.30540 6.36620 6.79548 6.02830 5.77850 
164 9.46280 6.84250 5.87990 5.59400 5.42460 9.11570 6.72660 5.81220 5.55330 5.40150 6.66100 5.85460 5.57580 5.43320 8.80820 6.68450 5.87510 5.58770 5.44110 5.38000  7.36350 6.27840 6.78478 5.86040 5.56380 
165 6.53030 5.58480 5.82600 6.03630 6.19700 6.00620 5.59900 5.86390 6.08550 6.20460 5.60160 5.83860 6.05710 6.19300 6.01130 5.60260 5.82790 6.04200 6.18060 6.24940  5.69880 5.69860 5.60608 5.82810 6.04190 
166 9.10240 6.91740 6.12510 5.90440 5.78170 8.79480 6.82150 6.07150 5.87490 5.76730 6.76770 6.10470 5.89110 5.78830 8.55720 6.78560 6.12180 5.89990 5.79320 5.75340  7.38670 6.44290 6.87458 6.10900 5.87880 
167 10.9779 7.60700 6.15480 5.55320 5.16750 10.6737 7.43470 6.02440 5.45300 5.11180 7.33960 6.11190 5.50880 5.18550 10.2659 7.37890 6.14110 5.53860 5.21690 5.02070  8.26130 6.78660 7.50218 6.12120 5.49780 
168 9.68580 8.57680 8.77470 8.96710 9.07780 9.04920 8.58320 8.81030 9.01080 9.06940 8.58440 8.78650 8.98590 9.07670 9.06850 8.58530 8.77560 8.97250 9.07040 9.09850  8.70680 8.64850 8.59288 8.77590 8.97070 
169 8.65090 6.27590 5.37050 5.08310 4.91990 8.33660 6.16870 5.30380 5.04100 4.89760 6.10770 5.34650 5.06410 4.92700 8.06050 6.12930 5.36610 5.07690 4.93610 4.87120  6.76900 5.74920 6.22408 5.35190 5.05210 
170 6.98620 5.99940 5.65160 5.55670 5.53450 6.75660 5.95620 5.62890 5.54770 5.53230 5.93190 5.64370 5.55200 5.53440 6.70420 5.93920 5.65030 5.55500 5.53300 5.53520  6.27510 5.78280 5.98818 5.64240 5.53870 
171 5.50170 5.06020 5.39190 5.66330 5.86910 5.20030 5.07990 5.44260 5.72180 5.88840 5.08970 5.40890 5.68840 5.86270 5.22600 5.08710 5.39350 5.67050 5.84490 5.94960  5.13870 5.21010 5.08288 5.39590 5.67270 
172 0.00000 0.00000 0.00000 0.00000 0.00000 0.00000 0.00000 0.00000 0.00000 0.00000 0.00000 0.00000 0.00000 0.00000 0.00000 0.00000 0.00000 0.00000 0.00000 0.00000  0.00000 0.00000 0.00000 0.00000 0.00000 
173 10.4995 7.79910 6.80540 6.51150 6.33520 10.1307 7.67880 6.73570 6.46960 6.31110 7.61120 6.77920 6.49290 6.34400 9.82100 7.63570 6.80020 6.50520 6.35170 6.29120  8.32960 7.21720 7.73788 6.78530 6.48100 
174 0.00000 0.00000 0.00000 0.00000 0.00000 0.00000 0.00000 0.00000 0.00000 0.00000 0.00000 0.00000 0.00000 0.00000 0.00000 0.00000 0.00000 0.00000 0.00000 0.00000  0.00000 0.00000 0.00000 0.00000 0.00000 
175 12.6644 9.34350 7.95900 7.33520 6.95960 12.3416 9.17580 7.83200 7.23290 6.90920 9.08600 7.91880 7.28930 6.97660 11.9402 9.12210 7.94710 7.31880 7.00330 6.82740  9.96660 8.56480 9.24228 7.92830 7.27750 
176 0.00000 0.00000 0.00000 0.00000 0.00000 0.00000 0.00000 0.00000 0.00000 0.00000 0.00000 0.00000 0.00000 0.00000 0.00000 0.00000 0.00000 0.00000 0.00000 0.00000  0.00000 0.00000 0.00000 0.00000 0.00000 
177 0.00000 0.00000 0.00000 0.00000 0.00000 0.00000 0.00000 0.00000 0.00000 0.00000 0.00000 0.00000 0.00000 0.00000 0.00000 0.00000 0.00000 0.00000 0.00000 0.00000  0.00000 0.00000 0.00000 0.00000 0.00000 
178 0.00000 0.00000 0.00000 0.00000 0.00000 0.00000 0.00000 0.00000 0.00000 0.00000 0.00000 0.00000 0.00000 0.00000 0.00000 0.00000 0.00000 0.00000 0.00000 0.00000  0.00000 0.00000 0.00000 0.00000 0.00000 
179 0.00000 0.00000 0.00000 0.00000 0.00000 0.00000 0.00000 0.00000 0.00000 0.00000 0.00000 0.00000 0.00000 0.00000 0.00000 0.00000 0.00000 0.00000 0.00000 0.00000  0.00000 0.00000 0.00000 0.00000 0.00000 
180 7.66520 5.48610 4.70200 4.49150 4.37820 7.36390 5.39080 4.65000 4.46500 4.36480 5.33730 4.68210 4.47940 4.38480 7.12240 5.35520 4.69900 4.48730 4.38940 4.35070  5.95310 5.01570 5.44368 4.68640 4.46700 
181 0.00000 0.00000 0.00000 0.00000 0.00000 0.00000 0.00000 0.00000 0.00000 0.00000 0.00000 0.00000 0.00000 0.00000 0.00000 0.00000 0.00000 0.00000 0.00000 0.00000  0.00000 0.00000 0.00000 0.00000 0.00000 
182 7.86460 6.65920 6.27250 6.18960 6.19500 7.61750 6.61220 6.24950 6.18580 6.20050 6.58370 6.26380 6.18700 6.19440 7.52340 6.59300 6.27190 6.18820 6.19060 6.20700  6.95640 6.42400 6.64648 6.26360 6.17360 
183 9.56360 7.39700 6.57230 6.31470 6.17890 9.27530 7.29960 6.51100 6.28030 6.16140 7.24490 6.55010 6.29900 6.18600 9.02900 7.26330 6.56820 6.30940 6.19400 6.13500  7.86820 6.91290 7.35278 6.55470 6.28660 
184 9.11540 7.93560 8.03240 8.15010 8.22170 8.46930 7.93460 8.05360 8.18020 8.21480 7.93140 8.03960 8.16280 8.22160 8.48680 7.93380 8.03240 8.15380 8.21740 8.23550  8.08660 7.95920 7.94758 8.03090 8.14830 
185 10.5043 9.32020 8.76180 8.54030 8.44340 10.2263 9.25910 8.71200 8.50890 8.43470 9.22600 8.74510 8.52590 8.44590 10.1802 9.23620 8.75840 8.53570 8.45060 8.41870  9.65160 8.99960 9.29748 8.74720 8.51340 
186 4.04830 3.34590 3.57230 3.78310 3.88140 3.53400 3.35860 3.61030 3.82610 3.88190 3.36520 3.58510 3.80300 3.87780 3.61590 3.36340 3.57390 3.78910 3.86710 3.94410  3.44060 3.44680 3.36428 3.57430 3.78830 
187 0.00000 0.00000 0.00000 0.00000 0.00000 0.00000 0.00000 0.00000 0.00000 0.00000 0.00000 0.00000 0.00000 0.00000 0.00000 0.00000 0.00000 0.00000 0.00000 0.00000  0.00000 0.00000 0.00000 0.00000 0.00000 
188 3.50280 3.62130 3.97730 4.26110 4.52000 3.48120 3.64460 4.02940 4.32350 4.56390 3.65830 3.99440 4.28790 4.50910 3.49190 3.65380 3.97930 4.26880 4.48320 4.65100  3.66960 3.78890 3.64518 3.98170 4.27210 
189 9.84920 8.68520 8.83480 8.99280 9.07250 9.19150 8.68820 8.86400 9.02860 9.06260 8.68720 8.84450 9.00820 9.07190 9.21320 8.68890 8.83550 8.99750 9.06660 9.09030  8.82600 8.73440 8.69968 8.83490 8.99350 
190 0.00000 0.00000 0.00000 0.00000 0.00000 0.00000 0.00000 0.00000 0.00000 0.00000 0.00000 0.00000 0.00000 0.00000 0.00000 0.00000 0.00000 0.00000 0.00000 0.00000  0.00000 0.00000 0.00000 0.00000 0.00000 
191 0.00000 0.00000 0.00000 0.00000 0.00000 0.00000 0.00000 0.00000 0.00000 0.00000 0.00000 0.00000 0.00000 0.00000 0.00000 0.00000 0.00000 0.00000 0.00000 0.00000  0.00000 0.00000 0.00000 0.00000 0.00000 
192 7.41100 6.25650 5.86080 5.75200 5.73130 7.15570 6.20900 5.83360 5.74240 5.73210 6.18110 5.85110 5.74700 5.73200 7.08240 6.18990 5.85940 5.75010 5.73090 5.73070  6.55250 6.01710 6.24328 5.85080 5.73380 
193 3.23210 2.27180 2.48220 2.68590 2.85730 2.68870 2.28300 2.51830 2.73670 2.86740 2.28570 2.49400 2.70750 2.85270 2.69440 2.28690 2.48370 2.69200 2.83850 2.91950  2.38560 2.36680 2.29008 2.48380 2.69210 
194 0.00000 0.00000 0.00000 0.00000 0.00000 0.00000 0.00000 0.00000 0.00000 0.00000 0.00000 0.00000 0.00000 0.00000 0.00000 0.00000 0.00000 0.00000 0.00000 0.00000  0.00000 0.00000 0.00000 0.00000 0.00000 
195 9.23680 6.55140 5.55950 5.25800 5.08100 8.89230 6.43280 5.48830 5.21520 5.05700 6.36510 5.53320 5.23890 5.09070 8.57440 6.38980 5.55400 5.25160 5.10080 5.02660  7.08410 5.97050 6.49168 5.53910 5.22700 
196 6.46500 6.47020 6.83370 7.11580 7.36880 6.40470 6.49360 6.88640 7.17740 7.40960 6.50430 6.85130 7.14220 7.35910 6.41530 6.50210 6.83510 7.12340 7.33560 7.48630  6.52500 6.64120 6.49448 6.83800 7.12640 
197 4.20010 3.17380 3.41960 3.62950 3.76750 3.61460 3.18490 3.45860 3.67750 3.76670 3.18810 3.43270 3.65010 3.76520 3.62540 3.18860 3.42030 3.63550 3.75630 3.80320  3.29170 3.27590 3.19278 3.42120 3.63490 
198 0.00000 0.00000 0.00000 0.00000 0.00000 0.00000 0.00000 0.00000 0.00000 0.00000 0.00000 0.00000 0.00000 0.00000 0.00000 0.00000 0.00000 0.00000 0.00000 0.00000  0.00000 0.00000 0.00000 0.00000 0.00000 
199 8.66680 6.61180 5.81550 5.60220 5.47650 8.42490 6.51150 5.76450 5.57310 5.45990 6.45880 5.79590 5.58930 5.48300 8.21930 6.47490 5.81250 5.59790 5.48800 5.44780  7.09950 6.12230 6.56688 5.80000 5.57700 
200 6.74210 5.70730 5.55320 5.57590 5.65670 6.38850 5.68390 5.55240 5.59330 5.67070 5.66660 5.55220 5.58270 5.65340 6.35320 5.67360 5.55310 5.57750 5.64420 5.69800  5.92580 5.59860 5.70778 5.54810 5.56860 
201 0.00000 0.00000 0.00000 0.00000 0.00000 0.00000 0.00000 0.00000 0.00000 0.00000 0.00000 0.00000 0.00000 0.00000 0.00000 0.00000 0.00000 0.00000 0.00000 0.00000  0.00000 0.00000 0.00000 0.00000 0.00000 
202 12.4871 9.08030 7.65580 6.98650 6.59590 12.1793 8.90410 7.52010 6.87780 6.54370 8.81340 7.61330 6.93800 6.61230 11.7800 8.84930 7.64190 6.96890 6.63890 6.46410  9.73460 8.27110 8.97278 7.62290 6.92600 
203 0.00000 0.00000 0.00000 0.00000 0.00000 0.00000 0.00000 0.00000 0.00000 0.00000 0.00000 0.00000 0.00000 0.00000 0.00000 0.00000 0.00000 0.00000 0.00000 0.00000  0.00000 0.00000 0.00000 0.00000 0.00000 
204 5.08780 4.07400 3.95400 3.98820 4.05080 4.73720 4.05160 3.95710 4.00460 4.05570 4.03590 3.95450 3.99470 4.04930 4.70590 4.04180 3.95390 3.98970 4.04420 4.06920  4.29050 3.97510 4.07528 3.94950 3.98050 
205 0.00000 0.00000 0.00000 0.00000 0.00000 0.00000 0.00000 0.00000 0.00000 0.00000 0.00000 0.00000 0.00000 0.00000 0.00000 0.00000 0.00000 0.00000 0.00000 0.00000  0.00000 0.00000 0.00000 0.00000 0.00000 
206 10.7692 8.89840 8.10930 7.82780 7.66790 10.5139 8.80780 8.04540 7.78530 7.64530 8.75690 8.08740 7.80830 7.67510 10.3108 8.77420 8.10490 7.82170 7.68710 7.60530  9.33470 8.44350 8.85728 8.09160 7.79610 
207 9.93940 8.93410 9.14830 9.35020 9.46660 9.34380 8.94230 9.18580 9.39550 9.45970 8.94480 9.16100 9.36960 9.46500 9.37310 8.94520 9.14900 9.35590 9.45690 9.49480  9.05600 9.01430 8.95088 9.14960 9.35450 
208 7.20720 6.28120 5.98980 5.91540 5.92630 6.96250 6.24630 5.97040 5.91320 5.93260 6.22490 5.98290 5.91370 5.92530 6.91940 6.23220 5.98860 5.91460 5.92150 5.94100  6.52970 6.10460 6.27458 5.98120 5.90030 
209 0.00000 0.00000 0.00000 0.00000 0.00000 0.00000 0.00000 0.00000 0.00000 0.00000 0.00000 0.00000 0.00000 0.00000 0.00000 0.00000 0.00000 0.00000 0.00000 0.00000  0.00000 0.00000 0.00000 0.00000 0.00000 
210 0.00000 0.00000 0.00000 0.00000 0.00000 0.00000 0.00000 0.00000 0.00000 0.00000 0.00000 0.00000 0.00000 0.00000 0.00000 0.00000 0.00000 0.00000 0.00000 0.00000  0.00000 0.00000 0.00000 0.00000 0.00000 
211 3.89260 3.62580 3.88790 4.09090 4.29110 3.67430 3.64520 3.92770 4.13010 4.33260 3.65490 3.90110 4.10710 4.28230 3.70410 3.65260 3.89270 4.09540 4.25870 4.39560  3.69760 3.76740 3.64788 3.89250 4.09170 
212 8.63410 7.48250 7.66030 7.81790 7.91100 7.98530 7.48690 7.69000 7.85600 7.90240 7.48700 7.67050 7.83400 7.91100 8.00280 7.48810 7.66030 7.82260 7.90620 7.92470  7.62010 7.54400 7.49778 7.66010 7.81920 
213 0.00000 0.00000 0.00000 0.00000 0.00000 0.00000 0.00000 0.00000 0.00000 0.00000 0.00000 0.00000 0.00000 0.00000 0.00000 0.00000 0.00000 0.00000 0.00000 0.00000  0.00000 0.00000 0.00000 0.00000 0.00000 
214 0.00000 0.00000 0.00000 0.00000 0.00000 0.00000 0.00000 0.00000 0.00000 0.00000 0.00000 0.00000 0.00000 0.00000 0.00000 0.00000 0.00000 0.00000 0.00000 0.00000  0.00000 0.00000 0.00000 0.00000 0.00000 
215 10.3226 7.33340 6.11740 5.66860 5.37700 9.98900 7.19120 6.01670 5.59640 5.33270 7.11050 6.08270 5.63640 5.39100 9.61980 7.14190 6.10800 5.65840 5.41340 5.26840  7.92110 6.63980 7.25388 6.09040 5.62530 
216 9.69710 8.41920 7.91640 7.76680 7.70900 9.51710 8.35820 7.88100 7.74910 7.70090 8.32410 7.90380 7.75830 7.71110 9.38820 8.33420 7.91420 7.76380 7.71350 7.68970  8.76010 8.11660 8.39778 7.90450 7.74530 
217 0.00000 0.00000 0.00000 0.00000 0.00000 0.00000 0.00000 0.00000 0.00000 0.00000 0.00000 0.00000 0.00000 0.00000 0.00000 0.00000 0.00000 0.00000 0.00000 0.00000  0.00000 0.00000 0.00000 0.00000 0.00000 
218 7.18070 6.15520 6.12780 6.17370 6.24930 6.73530 6.14340 6.13420 6.19260 6.25730 6.13370 6.12980 6.18140 6.24740 6.72380 6.13810 6.12710 6.17570 6.24100 6.27620  6.33790 6.11420 6.16168 6.12360 6.16720 
219 3.28580 2.72120 3.04080 3.30160 3.50720 2.92190 2.74320 3.08920 3.36040 3.52580 2.75040 3.05720 3.32650 3.50180 2.94640 2.75030 3.04350 3.30870 3.48560 3.57960  2.79790 2.88420 2.74548 3.04510 3.31090 
220 10.4886 9.07750 8.50370 8.30790 8.21040 10.2004 9.01180 8.45830 8.28090 8.19780 8.97540 8.48800 8.29540 8.21460 10.1064 8.98670 8.50090 8.30390 8.22130 8.17410  9.43390 8.73990 9.05278 8.49000 8.28280 
221 8.74600 6.03470 4.94880 4.55680 4.31140 8.40780 5.90640 4.86030 4.49420 4.27590 5.83520 4.91840 4.52890 4.32330 8.09890 5.86130 4.94110 4.54810 4.34330 4.21500  6.59550 5.40430 5.96718 4.92490 4.51740 
222 0.00000 0.00000 0.00000 0.00000 0.00000 0.00000 0.00000 0.00000 0.00000 0.00000 0.00000 0.00000 0.00000 0.00000 0.00000 0.00000 0.00000 0.00000 0.00000 0.00000  0.00000 0.00000 0.00000 0.00000 0.00000 
223 5.63540 4.47200 4.08040 3.99180 3.99180 5.41380 4.42480 4.05620 3.98740 3.99550 4.39600 4.07130 3.98890 3.99180 5.32200 4.40540 4.07970 3.99030 3.98920 3.99770  4.76950 4.23560 4.45928 4.07120 3.97550 
224 6.45080 5.05280 4.51650 4.38080 4.34850 6.25160 4.99070 4.48170 4.36760 4.34760 4.95360 4.50360 4.37410 4.34940 6.10660 4.96580 4.51580 4.37810 4.34880 4.34420  5.40180 4.73790 5.03088 4.50560 4.36090 
225 0.00000 0.00000 0.00000 0.00000 0.00000 0.00000 0.00000 0.00000 0.00000 0.00000 0.00000 0.00000 0.00000 0.00000 0.00000 0.00000 0.00000 0.00000 0.00000 0.00000  0.00000 0.00000 0.00000 0.00000 0.00000 
226 0.00000 0.00000 0.00000 0.00000 0.00000 0.00000 0.00000 0.00000 0.00000 0.00000 0.00000 0.00000 0.00000 0.00000 0.00000 0.00000 0.00000 0.00000 0.00000 0.00000  0.00000 0.00000 0.00000 0.00000 0.00000 
227 0.00000 0.00000 0.00000 0.00000 0.00000 0.00000 0.00000 0.00000 0.00000 0.00000 0.00000 0.00000 0.00000 0.00000 0.00000 0.00000 0.00000 0.00000 0.00000 0.00000  0.00000 0.00000 0.00000 0.00000 0.00000 
228 9.57730 6.98380 5.98470 5.66170 5.47270 9.23920 6.86650 5.90960 5.61470 5.44570 6.79850 5.95790 5.64050 5.48240 8.92850 6.82390 5.97950 5.65480 5.49550 5.40500  7.49640 6.41210 6.92378 5.96430 5.62850 
229 0.00000 0.00000 0.00000 0.00000 0.00000 0.00000 0.00000 0.00000 0.00000 0.00000 0.00000 0.00000 0.00000 0.00000 0.00000 0.00000 0.00000 0.00000 0.00000 0.00000  0.00000 0.00000 0.00000 0.00000 0.00000 
230 0.00000 0.00000 0.00000 0.00000 0.00000 0.00000 0.00000 0.00000 0.00000 0.00000 0.00000 0.00000 0.00000 0.00000 0.00000 0.00000 0.00000 0.00000 0.00000 0.00000  0.00000 0.00000 0.00000 0.00000 0.00000 
231 9.02920 5.93500 4.54400 3.08500 2.33300 8.65460 5.74310 4.27460 2.86190 2.24100 5.68900 4.47930 2.97920 2.36390 8.30160 5.69960 4.51140 3.04730 2.40580 2.10140  6.60350 5.16180 5.81578 4.49220 2.96430 
232 9.59640 6.78230 5.73800 5.42810 5.23340 9.22600 6.65680 5.66500 5.38220 5.20690 6.58540 5.71060 5.40770 5.24380 8.89480 6.61210 5.73260 5.42130 5.25490 5.17490  7.32350 6.17530 6.71678 5.71710 5.39600 
233 7.18530 6.06920 5.78050 5.72840 5.75780 6.87470 6.03270 5.76440 5.73160 5.76470 6.00900 5.77440 5.72880 5.75670 6.82350 6.01730 5.77960 5.72790 5.75200 5.77400  6.33080 5.88810 6.06258 5.77250 5.71510 
234 0.00000 0.00000 0.00000 0.00000 0.00000 0.00000 0.00000 0.00000 0.00000 0.00000 0.00000 0.00000 0.00000 0.00000 0.00000 0.00000 0.00000 0.00000 0.00000 0.00000  0.00000 0.00000 0.00000 0.00000 0.00000 
235 0.00000 0.00000 0.00000 0.00000 0.00000 0.00000 0.00000 0.00000 0.00000 0.00000 0.00000 0.00000 0.00000 0.00000 0.00000 0.00000 0.00000 0.00000 0.00000 0.00000  0.00000 0.00000 0.00000 0.00000 0.00000 
236 10.2415 8.70290 8.13490 7.98900 7.94870 10.0307 8.63580 8.09780 7.97460 7.94670 8.59670 8.12090 7.98190 7.95070 9.85710 8.60920 8.13380 7.98630 7.95090 7.94080  9.06930 8.36940 8.67808 8.12330 7.96880 
237 10.9419 9.17150 8.56200 8.42970 8.38380 10.6656 9.09750 8.52590 8.41770 8.37770 9.05480 8.54760 8.42380 8.38690 10.4773 9.06860 8.56160 8.42710 8.38770 8.37090  9.56040 8.80930 9.14248 8.55080 8.41070 
238 6.63500 5.39460 5.40040 5.51500 5.60740 6.10580 5.38210 5.41950 5.54700 5.60480 5.36980 5.40660 5.52840 5.60680 6.08030 5.37530 5.40070 5.51860 5.60260 5.61860  5.59020 5.35720 5.40238 5.39860 5.51360 
239 0.00000 0.00000 0.00000 0.00000 0.00000 0.00000 0.00000 0.00000 0.00000 0.00000 0.00000 0.00000 0.00000 0.00000 0.00000 0.00000 0.00000 0.00000 0.00000 0.00000  0.00000 0.00000 0.00000 0.00000 0.00000 
240 0.00000 0.00000 0.00000 0.00000 0.00000 0.00000 0.00000 0.00000 0.00000 0.00000 0.00000 0.00000 0.00000 0.00000 0.00000 0.00000 0.00000 0.00000 0.00000 0.00000  0.00000 0.00000 0.00000 0.00000 0.00000 
241 9.49400 8.62540 8.87510 9.10510 9.26350 8.96060 8.63810 8.91730 9.15760 9.26740 8.64300 8.88910 9.12750 9.26030 8.99160 8.64280 8.87670 9.11150 9.24820 9.31330  8.73050 8.73200 8.64428 8.87770 9.11200 
242 0.00000 0.00000 0.00000 0.00000 0.00000 0.00000 0.00000 0.00000 0.00000 0.00000 0.00000 0.00000 0.00000 0.00000 0.00000 0.00000 0.00000 0.00000 0.00000 0.00000  0.00000 0.00000 0.00000 0.00000 0.00000 
243 0.00000 0.00000 0.00000 0.00000 0.00000 0.00000 0.00000 0.00000 0.00000 0.00000 0.00000 0.00000 0.00000 0.00000 0.00000 0.00000 0.00000 0.00000 0.00000 0.00000  0.00000 0.00000 0.00000 0.00000 0.00000 
244 9.35340 6.50870 5.47990 5.17720 4.97430 8.96040 6.38380 5.40860 5.13130 4.94670 6.31300 5.45270 5.15710 4.98550 8.63040 6.33920 5.47400 5.17050 4.99670 4.91590  7.05210 5.90520 6.44388 5.45890 5.14540 
245 9.73310 8.79370 8.39900 8.26000 8.21410 9.48850 8.75060 8.36580 8.24460 8.21090 8.72580 8.38780 8.25270 8.21440 9.45560 8.73380 8.39680 8.25760 8.21430 8.21120  9.06450 8.56560 8.78168 8.38780 8.23960 
246 9.55810 8.50670 8.09860 7.98230 7.94320 9.33270 8.45900 8.07060 7.97020 7.93490 8.43170 8.08870 7.97610 7.94480 9.26690 8.44020 8.09740 7.98010 7.94090 7.93680  8.79750 8.26290 8.49278 8.08870 7.96300 
247 0.00000 0.00000 0.00000 0.00000 0.00000 0.00000 0.00000 0.00000 0.00000 0.00000 0.00000 0.00000 0.00000 0.00000 0.00000 0.00000 0.00000 0.00000 0.00000 0.00000  0.00000 0.00000 0.00000 0.00000 0.00000 
248 11.3845 9.85930 9.13510 8.89330 8.77790 11.2100 9.78150 9.07850 8.85940 8.76420 9.73310 9.11590 8.87780 8.78040 11.0389 9.75090 9.13240 8.88830 8.78540 8.74930  10.2466 9.45650 9.82578 9.11980 8.86530 
249 0.00000 0.00000 0.00000 0.00000 0.00000 0.00000 0.00000 0.00000 0.00000 0.00000 0.00000 0.00000 0.00000 0.00000 0.00000 0.00000 0.00000 0.00000 0.00000 0.00000  0.00000 0.00000 0.00000 0.00000 0.00000 
250 0.00000 0.00000 0.00000 0.00000 0.00000 0.00000 0.00000 0.00000 0.00000 0.00000 0.00000 0.00000 0.00000 0.00000 0.00000 0.00000 0.00000 0.00000 0.00000 0.00000  0.00000 0.00000 0.00000 0.00000 0.00000 
251 5.00500 3.82270 3.81380 3.96630 4.10100 4.57610 3.80910 3.83870 4.00690 4.10550 3.79430 3.82110 3.98310 4.09880 4.52320 3.80110 3.81600 3.97060 4.09060 4.13180  4.02680 3.77630 3.83068 3.81380 3.96830 
252 0.00000 0.00000 0.00000 0.00000 0.00000 0.00000 0.00000 0.00000 0.00000 0.00000 0.00000 0.00000 0.00000 0.00000 0.00000 0.00000 0.00000 0.00000 0.00000 0.00000  0.00000 0.00000 0.00000 0.00000 0.00000 
253 4.37670 4.07510 4.42840 4.70200 4.92430 4.13090 4.09810 4.47910 4.76210 4.95170 4.11000 4.44560 4.72780 4.91620 4.16110 4.10690 4.43010 4.70950 4.89510 5.02650  4.13890 4.24240 4.09908 4.43250 4.71210 
254 6.94940 5.80730 5.82710 5.92930 6.04110 6.47140 5.79930 5.84350 5.95990 6.04900 5.78730 5.83220 5.94220 6.03880 6.44350 5.79400 5.82710 5.93270 6.03160 6.07150  5.98750 5.79030 5.81718 5.82470 5.92750 
255 0.00000 0.00000 0.00000 0.00000 0.00000 0.00000 0.00000 0.00000 0.00000 0.00000 0.00000 0.00000 0.00000 0.00000 0.00000 0.00000 0.00000 0.00000 0.00000 0.00000  0.00000 0.00000 0.00000 0.00000 0.00000 
256 6.15380 5.06680 5.16050 5.30090 5.43530 5.64550 5.06420 5.18480 5.33940 5.44370 5.05930 5.16830 5.31710 5.43190 5.62260 5.06240 5.16080 5.30530 5.42160 5.47940  5.22600 5.08480 5.07858 5.15950 5.30220 
257 0.00000 0.00000 0.00000 0.00000 0.00000 0.00000 0.00000 0.00000 0.00000 0.00000 0.00000 0.00000 0.00000 0.00000 0.00000 0.00000 0.00000 0.00000 0.00000 0.00000  0.00000 0.00000 0.00000 0.00000 0.00000 
258 7.11800 6.14030 6.08490 6.12950 6.19710 6.69240 6.12570 6.09130 6.14730 6.20320 6.11530 6.08660 6.13680 6.19520 6.69160 6.11950 6.08450 6.13140 6.18920 6.22260  6.32940 6.08070 6.14508 6.08080 6.12260 
259 0.00000 0.00000 0.00000 0.00000 0.00000 0.00000 0.00000 0.00000 0.00000 0.00000 0.00000 0.00000 0.00000 0.00000 0.00000 0.00000 0.00000 0.00000 0.00000 0.00000  0.00000 0.00000 0.00000 0.00000 0.00000 
260 0.00000 0.00000 0.00000 0.00000 0.00000 0.00000 0.00000 0.00000 0.00000 0.00000 0.00000 0.00000 0.00000 0.00000 0.00000 0.00000 0.00000 0.00000 0.00000 0.00000  0.00000 0.00000 0.00000 0.00000 0.00000 
261 0.00000 0.00000 0.00000 0.00000 0.00000 0.00000 0.00000 0.00000 0.00000 0.00000 0.00000 0.00000 0.00000 0.00000 0.00000 0.00000 0.00000 0.00000 0.00000 0.00000  0.00000 0.00000 0.00000 0.00000 0.00000 
262 6.42600 5.45070 5.64770 5.81140 5.90500 5.85600 5.45830 5.67830 5.85050 5.89550 5.46030 5.65830 5.82810 5.90460 5.88220 5.46090 5.64740 5.81620 5.89910 5.92210  5.57350 5.52700 5.46718 5.64750 5.81320 
263 0.00000 0.00000 0.00000 0.00000 0.00000 0.00000 0.00000 0.00000 0.00000 0.00000 0.00000 0.00000 0.00000 0.00000 0.00000 0.00000 0.00000 0.00000 0.00000 0.00000  0.00000 0.00000 0.00000 0.00000 0.00000 
264 0.00000 0.00000 0.00000 0.00000 0.00000 0.00000 0.00000 0.00000 0.00000 0.00000 0.00000 0.00000 0.00000 0.00000 0.00000 0.00000 0.00000 0.00000 0.00000 0.00000  0.00000 0.00000 0.00000 0.00000 0.00000 
265 0.00000 0.00000 0.00000 0.00000 0.00000 0.00000 0.00000 0.00000 0.00000 0.00000 0.00000 0.00000 0.00000 0.00000 0.00000 0.00000 0.00000 0.00000 0.00000 0.00000  0.00000 0.00000 0.00000 0.00000 0.00000 
266 3.96090 3.64550 4.03270 4.32990 4.56060 3.72290 3.66930 4.08870 4.39290 4.58610 3.68170 4.05160 4.35700 4.55280 3.74370 3.67840 4.03440 4.33780 4.53260 4.65570  3.70980 3.82390 3.67018 4.03760 4.34110 
267 0.00000 0.00000 0.00000 0.00000 0.00000 0.00000 0.00000 0.00000 0.00000 0.00000 0.00000 0.00000 0.00000 0.00000 0.00000 0.00000 0.00000 0.00000 0.00000 0.00000  0.00000 0.00000 0.00000 0.00000 0.00000 
268 8.26400 5.80620 4.91640 4.65580 4.50280 7.92390 5.69910 4.85420 4.61950 4.48230 5.63830 4.89320 4.63950 4.51120 7.64330 5.65970 4.91210 4.65030 4.51990 4.45660  6.30610 5.28000 5.75508 4.89840 4.62750 
269 9.38780 6.16390 4.89610 4.44650 4.15230 9.03900 6.01070 4.79600 4.37540 4.10960 5.92510 4.86100 4.41500 4.16760 8.65310 5.95890 4.88630 4.43600 4.18850 4.04890  6.77180 5.43560 6.07578 4.86880 4.40370 
270 0.00000 0.00000 0.00000 0.00000 0.00000 0.00000 0.00000 0.00000 0.00000 0.00000 0.00000 0.00000 0.00000 0.00000 0.00000 0.00000 0.00000 0.00000 0.00000 0.00000  0.00000 0.00000 0.00000 0.00000 0.00000 
271 8.32300 8.64960 9.15650 9.51900 9.84570 8.40730 8.68540 9.22410 9.59590 9.90360 8.70570 9.17940 9.55190 9.83150 8.38830 8.69960 9.15860 9.52860 9.79930 10.0148  8.66080 8.90010 8.67988 9.16350 9.53560 
272 3.42990 2.94920 3.29440 3.57020 3.76570 3.08360 2.97030 3.34590 3.62920 3.78160 2.98100 3.31170 3.59550 3.76000 3.12140 2.97830 3.29620 3.57760 3.74340 3.84280  3.02250 3.10860 2.97238 3.29860 3.57990 
273 6.99440 3.88650 2.69180 2.28770 2.03640 6.66440 3.74200 2.60000 2.22660 1.99980 3.66180 2.65900 2.26030 2.04940 6.28970 3.69230 2.68290 2.27860 2.06570 1.95220  4.49260 3.18980 3.80658 2.66600 2.24890 
274 6.63740 3.59240 2.36950 1.99120 1.74760 6.30230 3.44380 2.27950 1.93720 1.71390 3.36270 2.33570 1.96720 1.76150 5.97590 3.39350 2.35960 1.98350 1.77490 1.67810  4.21910 2.87010 3.50918 2.34260 1.95600 
275 5.09850 3.23090 2.50180 2.27730 2.17510 4.79120 3.14420 2.44780 2.24960 2.16110 3.09570 2.48280 2.26400 2.18010 4.63550 3.11160 2.49830 2.27260 2.18490 2.14170  3.66590 2.79450 3.19368 2.48600 2.25130 
276 8.99010 6.99400 6.17460 5.91060 5.77300 8.76800 6.90350 6.11580 5.87050 5.75510 6.84460 6.15430 5.89210 5.77860 8.51760 6.86740 6.17250 5.90440 5.78710 5.72570  7.41810 6.54160 6.95218 6.15920 5.87980 
277 0.00000 0.00000 0.00000 0.00000 0.00000 0.00000 0.00000 0.00000 0.00000 0.00000 0.00000 0.00000 0.00000 0.00000 0.00000 0.00000 0.00000 0.00000 0.00000 0.00000  0.00000 0.00000 0.00000 0.00000 0.00000 
278 5.96900 4.91050 4.66730 4.64130 4.67400 5.67760 4.87730 4.65730 4.64710 4.68060 4.85530 4.66330 4.64310 4.67290 5.62620 4.86320 4.66680 4.64140 4.66810 4.69180  5.16090 4.75040 4.90578 4.66050 4.62940 
279 0.00000 0.00000 0.00000 0.00000 0.00000 0.00000 0.00000 0.00000 0.00000 0.00000 0.00000 0.00000 0.00000 0.00000 0.00000 0.00000 0.00000 0.00000 0.00000 0.00000  0.00000 0.00000 0.00000 0.00000 0.00000 
280 8.57630 7.10560 6.65020 6.48810 6.40470 8.05460 7.05700 6.61260 6.46800 6.39040 7.02790 6.63700 6.47870 6.40920 7.99980 7.03910 6.64710 6.48470 6.41350 6.37790  7.39010 6.85000 7.08868 6.63730 6.46590 
281 6.86860 6.14190 6.35520 6.55800 6.69700 6.43500 6.15150 6.39290 6.60440 6.70010 6.15500 6.36800 6.57760 6.69420 6.46320 6.15500 6.35610 6.56370 6.68390 6.73840  6.25170 6.22800 6.15888 6.35670 6.56240 
282 0.00000 0.00000 0.00000 0.00000 0.00000 0.00000 0.00000 0.00000 0.00000 0.00000 0.00000 0.00000 0.00000 0.00000 0.00000 0.00000 0.00000 0.00000 0.00000 0.00000  0.00000 0.00000 0.00000 0.00000 0.00000 
283 6.35580 3.05160 1.74070 1.20380 0.89290 6.03230 2.89110 1.62610 1.12150 0.84840 2.80540 1.70250 1.16670 0.907700 5.63670 2.83850 1.72880 1.19060 0.928600 0.784  3.67690 2.30250 2.95788 1.71060 1.15490 
284 7.78920 6.70820 6.82250 6.97310 7.05200 7.18320 6.71000 6.84960 7.00900 7.03980 6.70720 6.83160 6.98850 7.05200 7.20810 6.70970 6.82320 6.97740 7.04780 7.06250  6.85020 6.74360 6.72168 6.82220 6.97370 
285 4.14980 3.87500 4.03330 4.20790 4.34210 3.94160 3.88320 4.06510 4.24760 4.35580 3.88740 4.04380 4.22520 4.33690 3.97920 3.88670 4.03470 4.21290 4.32250 4.41090  3.97000 3.94110 3.89008 4.03430 4.21030 
286 0.00000 0.00000 0.00000 0.00000 0.00000 0.00000 0.00000 0.00000 0.00000 0.00000 0.00000 0.00000 0.00000 0.00000 0.00000 0.00000 0.00000 0.00000 0.00000 0.00000  0.00000 0.00000 0.00000 0.00000 0.00000 
287 8.27110 7.15330 7.25350 7.38480 7.49190 7.73720 7.15110 7.27710 7.41990 7.49000 7.14590 7.26130 7.39960 7.49120 7.71550 7.14950 7.25310 7.38890 7.48640 7.50700  7.31030 7.17350 7.16488 7.25200 7.38490 
288 0.00000 0.00000 0.00000 0.00000 0.00000 0.00000 0.00000 0.00000 0.00000 0.00000 0.00000 0.00000 0.00000 0.00000 0.00000 0.00000 0.00000 0.00000 0.00000 0.00000  0.00000 0.00000 0.00000 0.00000 0.00000 
289 0.00000 0.00000 0.00000 0.00000 0.00000 0.00000 0.00000 0.00000 0.00000 0.00000 0.00000 0.00000 0.00000 0.00000 0.00000 0.00000 0.00000 0.00000 0.00000 0.00000  0.00000 0.00000 0.00000 0.00000 0.00000 
290 7.36760 5.42030 4.70870 4.49440 4.38590 7.05130 5.33640 4.65720 4.46670 4.37090 5.28730 4.69010 4.48150 4.39130 6.86250 5.30440 4.70570 4.48990 4.39710 4.35090  5.84500 4.99910 5.38448 4.69360 4.46890 
291 8.60490 6.05710 5.13760 4.86350 4.69390 8.25590 5.94680 5.07340 4.82320 4.66990 5.88290 5.11360 4.84550 4.70260 7.95790 5.90590 5.13310 4.85750 4.71170 4.64410  6.56070 5.51890 6.00338 5.11900 4.83350 
292 0.00000 0.00000 0.00000 0.00000 0.00000 0.00000 0.00000 0.00000 0.00000 0.00000 0.00000 0.00000 0.00000 0.00000 0.00000 0.00000 0.00000 0.00000 0.00000 0.00000  0.00000 0.00000 0.00000 0.00000 0.00000 
293 7.87670 6.75620 6.88670 7.04240 7.17720 7.35460 6.75510 6.91440 7.08380 7.18010 6.75040 6.89600 7.05980 7.17510 7.32700 6.75380 6.88630 7.04720 7.16790 7.20450  6.91320 6.78740 6.76918 6.88580 7.04480 
294 0.00000 0.00000 0.00000 0.00000 0.00000 0.00000 0.00000 0.00000 0.00000 0.00000 0.00000 0.00000 0.00000 0.00000 0.00000 0.00000 0.00000 0.00000 0.00000 0.00000  0.00000 0.00000 0.00000 0.00000 0.00000 
295 0.00000 0.00000 0.00000 0.00000 0.00000 0.00000 0.00000 0.00000 0.00000 0.00000 0.00000 0.00000 0.00000 0.00000 0.00000 0.00000 0.00000 0.00000 0.00000 0.00000  0.00000 0.00000 0.00000 0.00000 0.00000 
296 0.00000 0.00000 0.00000 0.00000 0.00000 0.00000 0.00000 0.00000 0.00000 0.00000 0.00000 0.00000 0.00000 0.00000 0.00000 0.00000 0.00000 0.00000 0.00000 0.00000  0.00000 0.00000 0.00000 0.00000 0.00000 
297 0.00000 0.00000 0.00000 0.00000 0.00000 0.00000 0.00000 0.00000 0.00000 0.00000 0.00000 0.00000 0.00000 0.00000 0.00000 0.00000 0.00000 0.00000 0.00000 0.00000  0.00000 0.00000 0.00000 0.00000 0.00000 
298 0.00000 0.00000 0.00000 0.00000 0.00000 0.00000 0.00000 0.00000 0.00000 0.00000 0.00000 0.00000 0.00000 0.00000 0.00000 0.00000 0.00000 0.00000 0.00000 0.00000  0.00000 0.00000 0.00000 0.00000 0.00000 
299 9.96490 8.50550 7.86470 7.63590 7.52510 9.73840 8.43300 7.81230 7.60390 7.51070 8.39250 7.84670 7.62100 7.52980 9.60680 8.40540 7.86150 7.63110 7.53740 7.48310  8.88220 8.13590 8.47648 7.84970 7.60850 
300 0.00000 0.00000 0.00000 0.00000 0.00000 0.00000 0.00000 0.00000 0.00000 0.00000 0.00000 0.00000 0.00000 0.00000 0.00000 0.00000 0.00000 0.00000 0.00000 0.00000  0.00000 0.00000 0.00000 0.00000 0.00000 
301 7.01310 6.27650 6.49780 6.72900 6.90010 6.55870 6.29020 6.53980 6.78360 6.90950 6.29220 6.51200 6.75210 6.89680 6.59390 6.29390 6.49990 6.73560 6.88380 6.95600  6.37570 6.38430 6.29598 6.50060 6.73670 
302 8.47790 7.20230 7.17270 7.25820 7.32650 7.95240 7.18750 7.18590 7.28470 7.32110 7.17210 7.17700 7.26920 7.32670 7.92430 7.17930 7.17230 7.26110 7.32440 7.33090  7.40580 7.15030 7.20898 7.16960 7.25480 
303 0.00000 0.00000 0.00000 0.00000 0.00000 0.00000 0.00000 0.00000 0.00000 0.00000 0.00000 0.00000 0.00000 0.00000 0.00000 0.00000 0.00000 0.00000 0.00000 0.00000  0.00000 0.00000 0.00000 0.00000 0.00000 
304 11.5331 8.77820 7.36220 6.81890 6.44540 11.1880 8.61510 7.23940 6.72770 6.38970 8.52420 7.32120 6.77770 6.46410 10.9233 8.56280 7.34890 6.80610 6.49520 6.29970  9.40250 7.96680 8.67808 7.32930 6.76740 
305 9.92970 6.71480 5.45890 4.74390 4.30410 9.43470 6.55370 5.32460 4.62200 4.25670 6.48020 5.41970 4.69010 4.32070 9.09550 6.50550 5.44530 4.72500 4.34360 4.19620  7.35810 5.97640 6.62088 5.42860 4.67870 
306 7.14560 6.11760 6.31980 6.50960 6.63370 6.57820 6.12420 6.35480 6.55420 6.63100 6.12510 6.33170 6.52870 6.63270 6.58660 6.12620 6.31990 6.51510 6.62620 6.65630  6.24660 6.19180 6.13378 6.32040 6.51360 
307 0.00000 0.00000 0.00000 0.00000 0.00000 0.00000 0.00000 0.00000 0.00000 0.00000 0.00000 0.00000 0.00000 0.00000 0.00000 0.00000 0.00000 0.00000 0.00000 0.00000  0.00000 0.00000 0.00000 0.00000 0.00000 
308 0.00000 0.00000 0.00000 0.00000 0.00000 0.00000 0.00000 0.00000 0.00000 0.00000 0.00000 0.00000 0.00000 0.00000 0.00000 0.00000 0.00000 0.00000 0.00000 0.00000  0.00000 0.00000 0.00000 0.00000 0.00000 
309 5.67360 5.09150 5.08530 5.15710 5.22120 5.35390 5.08410 5.09660 5.17950 5.22410 5.07950 5.08910 5.16680 5.21880 5.39830 5.08130 5.08510 5.15990 5.20960 5.26390  5.24080 5.06360 5.09858 5.08210 5.15260 
310 0.00000 0.00000 0.00000 0.00000 0.00000 0.00000 0.00000 0.00000 0.00000 0.00000 0.00000 0.00000 0.00000 0.00000 0.00000 0.00000 0.00000 0.00000 0.00000 0.00000  0.00000 0.00000 0.00000 0.00000 0.00000 
311 10.5807 7.99520 7.00400 6.68910 6.49940 10.2396 7.87880 6.93070 6.64250 6.47070 7.81120 6.97750 6.66810 6.50910 9.93190 7.83630 6.99890 6.68210 6.52220 6.43050  8.50710 7.42570 7.93578 6.98380 6.65620 
312 0.00000 0.00000 0.00000 0.00000 0.00000 0.00000 0.00000 0.00000 0.00000 0.00000 0.00000 0.00000 0.00000 0.00000 0.00000 0.00000 0.00000 0.00000 0.00000 0.00000  0.00000 0.00000 0.00000 0.00000 0.00000 
313 0.00000 0.00000 0.00000 0.00000 0.00000 0.00000 0.00000 0.00000 0.00000 0.00000 0.00000 0.00000 0.00000 0.00000 0.00000 0.00000 0.00000 0.00000 0.00000 0.00000  0.00000 0.00000 0.00000 0.00000 0.00000 
314 0.00000 0.00000 0.00000 0.00000 0.00000 0.00000 0.00000 0.00000 0.00000 0.00000 0.00000 0.00000 0.00000 0.00000 0.00000 0.00000 0.00000 0.00000 0.00000 0.00000  0.00000 0.00000 0.00000 0.00000 0.00000 
315 0.00000 0.00000 0.00000 0.00000 0.00000 0.00000 0.00000 0.00000 0.00000 0.00000 0.00000 0.00000 0.00000 0.00000 0.00000 0.00000 0.00000 0.00000 0.00000 0.00000  0.00000 0.00000 0.00000 0.00000 0.00000 
316 0.00000 0.00000 0.00000 0.00000 0.00000 0.00000 0.00000 0.00000 0.00000 0.00000 0.00000 0.00000 0.00000 0.00000 0.00000 0.00000 0.00000 0.00000 0.00000 0.00000  0.00000 0.00000 0.00000 0.00000 0.00000 
317 3.99200 3.08980 3.35410 3.56700 3.66860 3.36910 3.10480 3.39370 3.61270 3.66220 3.11190 3.36750 3.58730 3.66690 3.43840 3.11030 3.35510 3.57290 3.65830 3.71060  3.18660 3.20790 3.10988 3.35600 3.57230 
318 0.00000 0.00000 0.00000 0.00000 0.00000 0.00000 0.00000 0.00000 0.00000 0.00000 0.00000 0.00000 0.00000 0.00000 0.00000 0.00000 0.00000 0.00000 0.00000 0.00000  0.00000 0.00000 0.00000 0.00000 0.00000 
319 0.00000 0.00000 0.00000 0.00000 0.00000 0.00000 0.00000 0.00000 0.00000 0.00000 0.00000 0.00000 0.00000 0.00000 0.00000 0.00000 0.00000 0.00000 0.00000 0.00000  0.00000 0.00000 0.00000 0.00000 0.00000 
320 10.4847 7.98220 6.91310 6.57970 6.36470 10.2226 7.85140 6.83600 6.52870 6.33700 7.78380 6.88440 6.55730 6.37550 9.97590 7.80660 6.90710 6.57290 6.38830 6.30400  8.56060 7.34470 7.91438 6.89130 6.54600 
321 0.00000 0.00000 0.00000 0.00000 0.00000 0.00000 0.00000 0.00000 0.00000 0.00000 0.00000 0.00000 0.00000 0.00000 0.00000 0.00000 0.00000 0.00000 0.00000 0.00000  0.00000 0.00000 0.00000 0.00000 0.00000 
322 6.58130 5.03980 4.41330 4.23330 4.17240 6.39970 4.96900 4.36890 4.21350 4.16640 4.92610 4.39730 4.22370 4.17510 6.21710 4.94070 4.41160 4.22990 4.17790 4.15190  5.41450 4.68150 5.01208 4.40030 4.21080 
323 0.00000 0.00000 0.00000 0.00000 0.00000 0.00000 0.00000 0.00000 0.00000 0.00000 0.00000 0.00000 0.00000 0.00000 0.00000 0.00000 0.00000 0.00000 0.00000 0.00000  0.00000 0.00000 0.00000 0.00000 0.00000 
324 0.00000 0.00000 0.00000 0.00000 0.00000 0.00000 0.00000 0.00000 0.00000 0.00000 0.00000 0.00000 0.00000 0.00000 0.00000 0.00000 0.00000 0.00000 0.00000 0.00000  0.00000 0.00000 0.00000 0.00000 0.00000 
325 5.61270 5.52360 5.78310 6.01030 6.20120 5.51250 5.53800 5.82590 6.05980 6.22740 5.54580 5.79740 6.03160 6.19370 5.52910 5.54350 5.78410 6.01630 6.17450 6.29250  5.60130 5.63500 5.54258 5.78560 6.01620 
326 0.00000 0.00000 0.00000 0.00000 0.00000 0.00000 0.00000 0.00000 0.00000 0.00000 0.00000 0.00000 0.00000 0.00000 0.00000 0.00000 0.00000 0.00000 0.00000 0.00000  0.00000 0.00000 0.00000 0.00000 0.00000 
327 0.00000 0.00000 0.00000 0.00000 0.00000 0.00000 0.00000 0.00000 0.00000 0.00000 0.00000 0.00000 0.00000 0.00000 0.00000 0.00000 0.00000 0.00000 0.00000 0.00000  0.00000 0.00000 0.00000 0.00000 0.00000 
328 0.00000 0.00000 0.00000 0.00000 0.00000 0.00000 0.00000 0.00000 0.00000 0.00000 0.00000 0.00000 0.00000 0.00000 0.00000 0.00000 0.00000 0.00000 0.00000 0.00000  0.00000 0.00000 0.00000 0.00000 0.00000 
329 0.00000 0.00000 0.00000 0.00000 0.00000 0.00000 0.00000 0.00000 0.00000 0.00000 0.00000 0.00000 0.00000 0.00000 0.00000 0.00000 0.00000 0.00000 0.00000 0.00000  0.00000 0.00000 0.00000 0.00000 0.00000 
330 7.54820 5.78220 5.11130 4.92720 4.84400 7.29820 5.70350 5.06650 4.90410 4.83430 5.65740 5.09470 4.91640 4.84850 7.10610 5.67290 5.10950 4.92340 4.85340 4.81470  6.18530 5.38900 5.74968 5.09800 4.90370 
331 8.64300 6.00710 5.01570 4.71290 4.53210 8.29140 5.88980 4.94470 4.66890 4.50630 5.82110 4.98970 4.69320 4.54110 7.98330 5.84690 5.01080 4.70640 4.55220 4.47450  6.52210 5.43530 5.94728 4.99590 4.68140 
332 7.79390 6.66640 6.79050 6.93320 7.03170 7.22660 6.66600 6.81670 6.96850 7.02930 6.66260 6.79940 6.94810 7.03070 7.21760 6.66520 6.79040 6.93760 7.02560 7.04980  6.81890 6.69830 6.67928 6.78970 6.93320 
333 4.94810 3.46150 2.83160 2.61950 2.49730 4.60890 3.39090 2.78140 2.59160 2.47900 3.35080 2.81310 2.60670 2.50430 4.53320 3.36440 2.82760 2.61510 2.51020 2.46170  3.82580 3.09890 3.43278 2.81580 2.59420 
334 4.16000 2.48630 2.06120 1.96830 1.92830 3.69600 2.43300 2.03550 1.96370 1.91510 2.39830 2.05210 1.96530 1.93100 3.60510 2.41000 2.05930 1.96670 1.93390 1.90730  2.81890 2.21830 2.47158 2.05100 1.95200 
335 7.47020 6.61230 6.87140 7.09230 7.23880 6.95820 6.62470 6.91290 7.14270 7.23900 6.62930 6.88570 7.11370 7.23620 6.98260 6.62900 6.87200 7.09850 7.22620 7.27860  6.72060 6.71980 6.63138 6.87340 7.09840 
336 11.3971 9.75660 8.98700 8.70680 8.54840 11.1765 9.67370 8.92770 8.66100 8.52710 9.62160 8.96730 8.68580 8.55480 11.0140 9.64140 8.98490 8.70000 8.56630 8.48940  10.1504 9.33540 9.71898 8.97170 8.67380 
337 8.69750 7.61640 7.30320 7.22470 7.23880 8.43610 7.57610 7.28270 7.22270 7.24520 7.55200 7.29590 7.22290 7.23780 8.37290 7.55970 7.30170 7.22360 7.23370 7.25390  7.88790 7.42010 7.60748 7.29420 7.20940 
338 6.53120 6.02490 6.34900 6.60140 6.78630 6.19840 6.04410 6.39650 6.65600 6.80170 6.05320 6.36520 6.62480 6.78110 6.22260 6.05120 6.35000 6.60820 6.76620 6.85360  6.10540 6.17250 6.04718 6.35220 6.60930 
339 0.00000 0.00000 0.00000 0.00000 0.00000 0.00000 0.00000 0.00000 0.00000 0.00000 0.00000 0.00000 0.00000 0.00000 0.00000 0.00000 0.00000 0.00000 0.00000 0.00000  0.00000 0.00000 0.00000 0.00000 0.00000 
340 9.67280 6.51010 5.20870 4.76300 4.48600 9.34000 6.35490 5.10640 4.69670 4.44600 6.26830 5.17260 4.73320 4.50120 8.98410 6.30260 5.19830 4.75320 4.52080 4.38780  7.14600 5.75400 6.42058 5.18040 4.72200 
341 0.00000 0.00000 0.00000 0.00000 0.00000 0.00000 0.00000 0.00000 0.00000 0.00000 0.00000 0.00000 0.00000 0.00000 0.00000 0.00000 0.00000 0.00000 0.00000 0.00000  0.00000 0.00000 0.00000 0.00000 0.00000 
342 8.25370 6.15630 5.34440 5.10300 4.97600 7.96920 6.05990 5.28670 5.07090 4.96050 6.00600 5.32320 5.08820 4.98270 7.74760 6.02420 5.34080 5.09800 4.98900 4.93950  6.62510 5.67400 6.11268 5.32770 5.07590 
343 6.62260 4.93790 4.30500 4.12670 4.05640 6.36200 4.86270 4.26120 4.10630 4.04950 4.82040 4.28890 4.11690 4.05950 6.19830 4.83370 4.30300 4.12330 4.06110 4.04120  5.33590 4.55960 4.90828 4.29170 4.10400 
344 9.98710 8.32480 7.71180 7.52220 7.43330 9.63730 8.25400 7.66650 7.49840 7.42260 8.21320 7.69540 7.51100 7.43810 9.51290 8.22690 7.70920 7.51830 7.44250 7.40470  8.70020 7.96500 8.29708 7.69790 7.49830 
345 7.84300 4.56920 3.15750 2.58140 2.25160 7.51530 4.39620 3.03200 2.49580 2.20790 4.30530 3.11520 2.54290 2.26760 7.19370 4.34090 3.14250 2.56790 2.28750 2.14770  5.23840 3.75680 4.46468 3.12350 2.53130 
346 8.25860 5.87380 4.76850 4.39160 4.17860 8.03950 5.75570 4.68890 4.32970 4.14920 5.67370 4.74240 4.36280 4.18750 7.73010 5.71010 4.76700 4.38230 4.20400 4.09590  6.33480 5.28940 5.80878 4.75040 4.35140 
347 7.79250 6.65060 6.71540 6.83370 6.95300 7.29290 6.64460 6.73570 6.86770 6.95990 6.63680 6.72200 6.84800 6.95040 7.25950 6.64100 6.71500 6.83760 6.94230 6.98640  6.82330 6.65080 6.66128 6.71340 6.83320 
348 0.00000 0.00000 0.00000 0.00000 0.00000 0.00000 0.00000 0.00000 0.00000 0.00000 0.00000 0.00000 0.00000 0.00000 0.00000 0.00000 0.00000 0.00000 0.00000 0.00000  0.00000 0.00000 0.00000 0.00000 0.00000 
349 8.48560 5.93150 4.99750 4.72720 4.56100 8.14000 5.81810 4.93240 4.68980 4.53650 5.75480 4.97270 4.71070 4.57050 7.84490 5.77690 4.99260 4.72160 4.58000 4.50920  6.44740 5.38070 5.87578 4.97830 4.69870 
350 7.49700 6.40960 6.48350 6.60270 6.70860 7.00480 6.40460 6.50500 6.63420 6.71280 6.39730 6.49060 6.61600 6.70670 6.98600 6.40150 6.48350 6.60630 6.70030 6.73400  6.57700 6.41340 6.42038 6.48200 6.60130 
351 9.79190 8.72490 8.33850 8.22790 8.19950 9.56830 8.67790 8.31160 8.21740 8.19690 8.65160 8.32900 8.22240 8.20060 9.49690 8.65930 8.33690 8.22580 8.20070 8.19130  9.01610 8.48950 8.71178 8.32850 8.20910 
352 0.00000 0.00000 0.00000 0.00000 0.00000 0.00000 0.00000 0.00000 0.00000 0.00000 0.00000 0.00000 0.00000 0.00000 0.00000 0.00000 0.00000 0.00000 0.00000 0.00000  0.00000 0.00000 0.00000 0.00000 0.00000 
353 0.00000 0.00000 0.00000 0.00000 0.00000 0.00000 0.00000 0.00000 0.00000 0.00000 0.00000 0.00000 0.00000 0.00000 0.00000 0.00000 0.00000 0.00000 0.00000 0.00000  0.00000 0.00000 0.00000 0.00000 0.00000 
354 9.25830 8.23950 8.01150 7.97000 7.98510 8.90780 8.21020 7.99960 7.97140 7.98860 8.19130 8.00720 7.97000 7.98460 8.88700 8.19810 8.01070 7.96970 7.98180 7.99550  8.47340 8.09370 8.23618 8.00430 7.95640 
355 7.06670 6.05680 6.28690 6.49230 6.65160 6.56700 6.06380 6.32530 6.54140 6.65620 6.06420 6.29990 6.51300 6.64860 6.54570 6.06570 6.28680 6.49820 6.63960 6.68780  6.19000 6.13920 6.07408 6.28790 6.49780 
356 0.00000 0.00000 0.00000 0.00000 0.00000 0.00000 0.00000 0.00000 0.00000 0.00000 0.00000 0.00000 0.00000 0.00000 0.00000 0.00000 0.00000 0.00000 0.00000 0.00000  0.00000 0.00000 0.00000 0.00000 0.00000 
357 7.31180 4.16960 2.85630 2.44170 2.17800 6.98610 4.01060 2.75880 2.38190 2.14240 3.92310 2.82020 2.41520 2.19260 6.65820 3.95760 2.84530 2.43310 2.20690 2.10410  4.82120 3.39780 4.07728 2.82760 2.40410 
358 0.00000 0.00000 0.00000 0.00000 0.00000 0.00000 0.00000 0.00000 0.00000 0.00000 0.00000 0.00000 0.00000 0.00000 0.00000 0.00000 0.00000 0.00000 0.00000 0.00000  0.00000 0.00000 0.00000 0.00000 0.00000 
359 13.0822 9.64620 8.17410 7.36320 6.90260 12.7775 9.45970 8.01600 7.23160 6.84430 9.37070 8.12740 7.30410 6.92200 12.3776 9.40510 8.15710 7.34130 6.95340 6.74780  10.3153 8.81240 9.52988 8.13790 7.29170 
360 5.08520 4.48570 4.58750 4.74760 4.82290 4.70620 4.48600 4.61630 4.78190 4.81840 4.48570 4.59710 4.76320 4.82090 4.76690 4.48610 4.58860 4.75230 4.81340 4.86070  4.61180 4.50980 4.49708 4.58780 4.74860 
361 6.72120 4.48890 3.65900 3.41740 3.28610 6.43690 4.38900 3.60080 3.38540 3.27080 4.33350 3.63730 3.40290 3.29300 6.18730 4.35180 3.65530 3.41250 3.29800 3.25540  4.97590 3.99260 4.44368 3.64200 3.39060 
362 8.06040 6.49570 5.95790 5.83300 5.79160 7.82740 6.43070 5.92520 5.82110 5.78750 6.39250 5.94540 5.82690 5.79390 7.65950 6.40470 5.95740 5.83060 5.79450 5.78100  6.85840 6.17410 6.47258 5.94730 5.81380 
363 11.2290 8.67410 7.30730 6.75590 6.46150 10.9193 8.52760 7.20440 6.66140 6.42590 8.43240 7.27850 6.71100 6.47190 10.6780 8.47590 7.30890 6.74120 6.49150 6.36370  9.18630 7.95230 8.58468 7.28910 6.70050 
364 8.68210 7.68680 7.45140 7.41680 7.43080 8.36110 7.65490 7.44090 7.41970 7.43100 7.63550 7.44740 7.41750 7.43070 8.33700 7.64190 7.45070 7.41670 7.42880 7.43520  7.92840 7.53000 7.68208 7.44450 7.40390 
365 5.95400 3.71190 2.88980 2.64920 2.51230 5.64330 3.61370 2.83270 2.61510 2.49460 3.55710 2.86870 2.63380 2.51930 5.38560 3.57670 2.88650 2.64410 2.52710 2.47060  4.17780 3.23050 3.66658 2.87340 2.62160 
366 6.79330 6.23580 6.48610 6.72250 6.92070 6.45750 6.25290 6.52890 6.77750 6.94130 6.25720 6.50030 6.74570 6.91470 6.47680 6.25810 6.48890 6.72920 6.89770 6.99850  6.32630 6.36120 6.25748 6.48950 6.73030 
367 5.28470 4.91660 5.25400 5.52990 5.76160 5.01780 4.93820 5.30460 5.59170 5.78980 4.94890 5.27100 5.55620 5.75340 5.04160 4.94640 5.25610 5.53750 5.73210 5.86280  4.98640 5.07610 4.93988 5.25830 5.54040 
368 0.00000 0.00000 0.00000 0.00000 0.00000 0.00000 0.00000 0.00000 0.00000 0.00000 0.00000 0.00000 0.00000 0.00000 0.00000 0.00000 0.00000 0.00000 0.00000 0.00000  0.00000 0.00000 0.00000 0.00000 0.00000 
369 0.00000 0.00000 0.00000 0.00000 0.00000 0.00000 0.00000 0.00000 0.00000 0.00000 0.00000 0.00000 0.00000 0.00000 0.00000 0.00000 0.00000 0.00000 0.00000 0.00000  0.00000 0.00000 0.00000 0.00000 0.00000 
370 10.0361 9.11360 8.74800 8.62170 8.60500 9.78320 9.07290 8.71850 8.61040 8.60790 9.04940 8.73810 8.61580 8.60490 9.75480 9.05720 8.74630 8.61940 8.60240 8.61230  9.37520 8.90100 9.10278 8.73760 8.60270 
371 0.00000 0.00000 0.00000 0.00000 0.00000 0.00000 0.00000 0.00000 0.00000 0.00000 0.00000 0.00000 0.00000 0.00000 0.00000 0.00000 0.00000 0.00000 0.00000 0.00000  0.00000 0.00000 0.00000 0.00000 0.00000 
372 9.36790 6.82640 5.48850 4.96170 4.67030 9.08870 6.68160 5.38880 4.87110 4.63300 6.58790 5.45970 4.91880 4.68150 8.82390 6.63060 5.48960 4.94760 4.70250 4.56570  7.33420 6.11870 6.73878 5.47020 4.90810 
373 16.3897 13.5990 11.9486 9.87080 8.73080 15.8779 13.3350 11.6063 9.50670 8.58700 13.3080 11.8864 9.69310 8.76850 15.9576 13.2933 11.9268 9.82040 8.84760 8.37170  14.4193 12.7024 13.4295 11.8966 9.68260 
374 15.4651 12.9195 11.3552 10.5771 10.1172 15.0997 12.7379 11.2506 10.4215 10.0656 12.6379 11.3387 10.5009 10.1320 14.9309 12.6824 11.3728 10.5535 10.1593 9.98260  13.4931 12.0727 12.8009 11.3503 10.4929 
375 12.6010 11.3705 11.2819 11.3470 11.4179 12.1057 11.3509 11.2915 11.3684 11.4172 11.3340 11.2849 11.3558 11.4163 12.0816 11.3415 11.2818 11.3494 11.4123 11.4312  11.5821 11.2860 11.3734 11.2784 11.3414 
376 11.9930 10.8645 11.0141 11.1897 11.3167 11.4464 10.8643 11.0461 11.2322 11.3160 10.8603 11.0251 11.2078 11.3151 11.4273 10.8635 11.0138 11.1947 11.3089 11.3395  11.0181 10.9016 10.8778 11.0140 11.1927 
377 12.5171 10.9011 10.3844 10.1528 9.96290 11.7632 10.8446 10.3372 10.1131 9.92280 10.8142 10.3698 10.1356 9.97190 11.7875 10.8258 10.3792 10.1475 9.98860 9.88220  11.1919 10.5968 10.8762 10.3694 10.1231 
378 0.00000 0.00000 0.00000 0.00000 0.00000 0.00000 0.00000 0.00000 0.00000 0.00000 0.00000 0.00000 0.00000 0.00000 0.00000 0.00000 0.00000 0.00000 0.00000 0.00000  0.00000 0.00000 0.00000 0.00000 0.00000 
379 0.00000 0.00000 0.00000 0.00000 0.00000 0.00000 0.00000 0.00000 0.00000 0.00000 0.00000 0.00000 0.00000 0.00000 0.00000 0.00000 0.00000 0.00000 0.00000 0.00000  0.00000 0.00000 0.00000 0.00000 0.00000 
